depots-optimal/100/depots_p03_hyp-1_full.tar.bz2:7.323246717453003:0.0:0.0
depots-optimal/100/depots_p03_hyp-2_full.tar.bz2:9.1166410446167:0.0:0.0
depots-optimal/100/depots_p03_hyp-3_full.tar.bz2:8.432790040969849:0.0:0.0
depots-optimal/100/depots_p03_hyp-4_full.tar.bz2:8.285159826278687:0.0:0.0
depots-optimal/100/depots_p04_hyp-1_full.tar.bz2:7.973865509033203:0.0:0.0
depots-optimal/100/depots_p04_hyp-2_full.tar.bz2:7.9663331508636475:0.0:0.0
depots-optimal/100/depots_p04_hyp-3_full.tar.bz2:8.433413028717041:0.0:0.0
depots-optimal/100/depots_p04_hyp-4_full.tar.bz2:7.294110298156738:0.0:0.0
depots-optimal/100/depots_p05_hyp-1_full.tar.bz2:7.808924436569214:0.0:0.0
depots-optimal/100/depots_p05_hyp-2_full.tar.bz2:7.874583959579468:0.0:0.0
depots-optimal/100/depots_p05_hyp-3_full.tar.bz2:8.674136638641357:0.0:0.0
depots-optimal/100/depots_p05_hyp-4_full.tar.bz2:7.762103080749512:0.0:0.0
depots-optimal/100/depots_p03_hyp-1_full.tar.bz2:9.025021314620972:0.0:0.0
depots-optimal/100/depots_p03_hyp-2_full.tar.bz2:10.499528169631958:0.0:0.0
depots-optimal/100/depots_p03_hyp-3_full.tar.bz2:9.44801378250122:0.0:0.0
depots-optimal/100/depots_p03_hyp-4_full.tar.bz2:10.356255054473877:0.0:0.0
depots-optimal/100/depots_p04_hyp-1_full.tar.bz2:8.89125680923462:0.0:0.0
depots-optimal/100/depots_p04_hyp-2_full.tar.bz2:10.36326003074646:0.0:0.0
depots-optimal/100/depots_p04_hyp-3_full.tar.bz2:10.116533279418945:0.0:0.0
depots-optimal/100/depots_p04_hyp-4_full.tar.bz2:7.853709697723389:0.0:0.0
depots-optimal/100/depots_p05_hyp-1_full.tar.bz2:10.34853744506836:0.0:0.0
depots-optimal/100/depots_p05_hyp-2_full.tar.bz2:10.261447191238403:0.0:0.0
depots-optimal/100/depots_p05_hyp-3_full.tar.bz2:10.583115577697754:0.0:0.0
depots-optimal/100/depots_p05_hyp-4_full.tar.bz2:10.38936972618103:0.0:0.0
depots-optimal/100/depots_p03_hyp-1_full.tar.bz2:9.380867004394531:0.0:0.0
depots-optimal/100/depots_p03_hyp-2_full.tar.bz2:14.455893754959106:0.0:0.0
depots-optimal/100/depots_p03_hyp-3_full.tar.bz2:11.037282466888428:0.0:0.0
depots-optimal/100/depots_p03_hyp-4_full.tar.bz2:13.445125102996826:0.0:0.0
depots-optimal/100/depots_p04_hyp-1_full.tar.bz2:10.296722173690796:0.0:0.0
depots-optimal/100/depots_p04_hyp-2_full.tar.bz2:12.458978176116943:0.0:0.0
depots-optimal/100/depots_p04_hyp-3_full.tar.bz2:12.108540773391724:0.0:0.0
depots-optimal/100/depots_p04_hyp-4_full.tar.bz2:8.900916337966919:0.0:0.0
depots-optimal/100/depots_p05_hyp-1_full.tar.bz2:12.34351396560669:0.0:0.0
depots-optimal/100/depots_p05_hyp-2_full.tar.bz2:11.557242155075073:0.0:0.0
depots-optimal/100/depots_p05_hyp-3_full.tar.bz2:12.089016437530518:0.0:0.0
depots-optimal/100/depots_p05_hyp-4_full.tar.bz2:13.434344291687012:0.0:0.0
depots-optimal/100/depots_p03_hyp-1_full.tar.bz2:10.501383781433105:0.0:0.0
depots-optimal/100/depots_p03_hyp-2_full.tar.bz2:15.344858169555664:0.0:0.0
depots-optimal/100/depots_p03_hyp-3_full.tar.bz2:12.72659969329834:0.0:0.0
depots-optimal/100/depots_p03_hyp-4_full.tar.bz2:15.255692958831787:0.0:0.0
depots-optimal/100/depots_p04_hyp-1_full.tar.bz2:12.202595233917236:0.0:0.0
depots-optimal/100/depots_p04_hyp-2_full.tar.bz2:13.954622030258179:0.0:0.0
depots-optimal/100/depots_p04_hyp-3_full.tar.bz2:14.311493873596191:0.0:0.0
depots-optimal/100/depots_p04_hyp-4_full.tar.bz2:11.07686185836792:0.0:0.0
depots-optimal/100/depots_p05_hyp-1_full.tar.bz2:14.381120681762695:0.0:0.0
depots-optimal/100/depots_p05_hyp-2_full.tar.bz2:14.05956244468689:0.0:0.0
depots-optimal/100/depots_p05_hyp-3_full.tar.bz2:14.204349756240845:0.0:0.0
depots-optimal/100/depots_p05_hyp-4_full.tar.bz2:14.07193922996521:0.0:0.0
