depots-optimal/100/depots_p03_hyp-1_full.tar.bz2:15.371036529541016:0.0:0.0
depots-optimal/100/depots_p03_hyp-2_full.tar.bz2:16.726022243499756:0.0:0.0
depots-optimal/100/depots_p03_hyp-3_full.tar.bz2:19.063026428222656:0.0:0.0
depots-optimal/100/depots_p03_hyp-4_full.tar.bz2:16.78152322769165:0.0:0.0
depots-optimal/100/depots_p04_hyp-1_full.tar.bz2:19.288859128952026:0.0:0.0
depots-optimal/100/depots_p04_hyp-2_full.tar.bz2:19.459367513656616:0.0:0.0
depots-optimal/100/depots_p04_hyp-3_full.tar.bz2:17.149367094039917:0.0:0.0
depots-optimal/100/depots_p04_hyp-4_full.tar.bz2:19.545711755752563:0.0:0.0
depots-optimal/100/depots_p05_hyp-1_full.tar.bz2:16.96525263786316:0.0:0.0
depots-optimal/100/depots_p05_hyp-2_full.tar.bz2:19.556323766708374:0.0:0.0
depots-optimal/100/depots_p05_hyp-3_full.tar.bz2:17.08875298500061:0.0:0.0
depots-optimal/100/depots_p05_hyp-4_full.tar.bz2:19.713428258895874:0.0:0.0
depots-optimal/100/depots_p03_hyp-1_full.tar.bz2:16.458245754241943:0.0:0.0
depots-optimal/100/depots_p03_hyp-2_full.tar.bz2:27.481944799423218:0.0:0.0
depots-optimal/100/depots_p03_hyp-3_full.tar.bz2:23.36942982673645:0.0:0.0
depots-optimal/100/depots_p03_hyp-4_full.tar.bz2:24.89736032485962:0.0:0.0
depots-optimal/100/depots_p04_hyp-1_full.tar.bz2:27.951247692108154:0.0:0.0
depots-optimal/100/depots_p04_hyp-2_full.tar.bz2:27.94424533843994:0.0:0.0
depots-optimal/100/depots_p04_hyp-3_full.tar.bz2:27.903668642044067:0.0:0.0
depots-optimal/100/depots_p04_hyp-4_full.tar.bz2:21.260138988494873:0.0:0.0
depots-optimal/100/depots_p05_hyp-1_full.tar.bz2:28.144304275512695:0.0:0.0
depots-optimal/100/depots_p05_hyp-2_full.tar.bz2:27.780226469039917:0.0:0.0
depots-optimal/100/depots_p05_hyp-3_full.tar.bz2:28.457134246826172:0.0:0.0
depots-optimal/100/depots_p05_hyp-4_full.tar.bz2:27.82338237762451:0.0:0.0
depots-optimal/100/depots_p03_hyp-1_full.tar.bz2:20.876160383224487:0.0:0.0
depots-optimal/100/depots_p03_hyp-2_full.tar.bz2:35.55478310585022:0.0:0.0
depots-optimal/100/depots_p03_hyp-3_full.tar.bz2:31.51076912879944:0.0:0.0
depots-optimal/100/depots_p03_hyp-4_full.tar.bz2:35.50263285636902:0.0:0.0
depots-optimal/100/depots_p04_hyp-1_full.tar.bz2:36.4347562789917:0.0:0.0
depots-optimal/100/depots_p04_hyp-2_full.tar.bz2:36.55478024482727:0.0:0.0
depots-optimal/100/depots_p04_hyp-3_full.tar.bz2:37.66317439079285:0.0:0.0
depots-optimal/100/depots_p04_hyp-4_full.tar.bz2:33.50092387199402:0.0:0.0
depots-optimal/100/depots_p05_hyp-1_full.tar.bz2:35.45988607406616:0.0:0.0
depots-optimal/100/depots_p05_hyp-2_full.tar.bz2:39.246604919433594:0.0:0.0
depots-optimal/100/depots_p05_hyp-3_full.tar.bz2:36.839181661605835:0.0:0.0
depots-optimal/100/depots_p05_hyp-4_full.tar.bz2:36.83996653556824:0.0:0.0
depots-optimal/100/depots_p03_hyp-1_full.tar.bz2:31.559293031692505:0.0:0.0
depots-optimal/100/depots_p03_hyp-2_full.tar.bz2:47.9019889831543:0.0:0.0
depots-optimal/100/depots_p03_hyp-3_full.tar.bz2:44.20777177810669:0.0:0.0
depots-optimal/100/depots_p03_hyp-4_full.tar.bz2:50.48188376426697:0.0:0.0
depots-optimal/100/depots_p04_hyp-1_full.tar.bz2:49.116631269454956:0.0:0.0
depots-optimal/100/depots_p04_hyp-2_full.tar.bz2:52.27301812171936:0.0:0.0
depots-optimal/100/depots_p04_hyp-3_full.tar.bz2:49.06180810928345:0.0:0.0
depots-optimal/100/depots_p04_hyp-4_full.tar.bz2:45.414721965789795:0.0:0.0
depots-optimal/100/depots_p05_hyp-1_full.tar.bz2:51.74504995346069:0.0:0.0
depots-optimal/100/depots_p05_hyp-2_full.tar.bz2:49.513306856155396:0.0:0.0
depots-optimal/100/depots_p05_hyp-3_full.tar.bz2:51.619789123535156:0.0:0.0
depots-optimal/100/depots_p05_hyp-4_full.tar.bz2:49.42810010910034:0.0:0.0
