depots-optimal/100/depots_p03_hyp-1_full.tar.bz2:13.271012306213379:0.0:0.0
depots-optimal/100/depots_p03_hyp-2_full.tar.bz2:14.909444332122803:0.0:0.0
depots-optimal/100/depots_p03_hyp-3_full.tar.bz2:13.269543886184692:0.0:0.0
depots-optimal/100/depots_p03_hyp-4_full.tar.bz2:14.911691188812256:0.0:0.0
depots-optimal/100/depots_p04_hyp-1_full.tar.bz2:13.588268280029297:0.0:0.0
depots-optimal/100/depots_p04_hyp-2_full.tar.bz2:14.45175051689148:0.0:0.0
depots-optimal/100/depots_p04_hyp-3_full.tar.bz2:15.19690489768982:0.0:0.0
depots-optimal/100/depots_p04_hyp-4_full.tar.bz2:14.12083101272583:0.0:0.0
depots-optimal/100/depots_p05_hyp-1_full.tar.bz2:15.383248567581177:0.0:0.0
depots-optimal/100/depots_p05_hyp-2_full.tar.bz2:14.197599172592163:0.0:0.0
depots-optimal/100/depots_p05_hyp-3_full.tar.bz2:15.836337089538574:0.0:0.0
depots-optimal/100/depots_p05_hyp-4_full.tar.bz2:13.680744647979736:0.0:0.0
depots-optimal/100/depots_p03_hyp-1_full.tar.bz2:13.545234680175781:0.0:0.0
depots-optimal/100/depots_p03_hyp-2_full.tar.bz2:15.197569608688354:0.0:0.0
depots-optimal/100/depots_p03_hyp-3_full.tar.bz2:13.75309419631958:0.0:0.0
depots-optimal/100/depots_p03_hyp-4_full.tar.bz2:15.372367858886719:0.0:0.0
depots-optimal/100/depots_p04_hyp-1_full.tar.bz2:14.729511976242065:0.0:0.0
depots-optimal/100/depots_p04_hyp-2_full.tar.bz2:16.209408044815063:0.0:0.0
depots-optimal/100/depots_p04_hyp-3_full.tar.bz2:14.583932399749756:0.0:0.0
depots-optimal/100/depots_p04_hyp-4_full.tar.bz2:16.006212949752808:0.0:0.0
depots-optimal/100/depots_p05_hyp-1_full.tar.bz2:17.05103302001953:0.0:0.0
depots-optimal/100/depots_p05_hyp-2_full.tar.bz2:16.499179124832153:0.0:0.0
depots-optimal/100/depots_p05_hyp-3_full.tar.bz2:14.799617052078247:0.0:0.0
depots-optimal/100/depots_p05_hyp-4_full.tar.bz2:15.935651063919067:0.0:0.0
depots-optimal/100/depots_p03_hyp-1_full.tar.bz2:13.981786489486694:0.0:0.0
depots-optimal/100/depots_p03_hyp-2_full.tar.bz2:14.776840209960938:0.0:0.0
depots-optimal/100/depots_p03_hyp-3_full.tar.bz2:15.715954542160034:0.0:0.0
depots-optimal/100/depots_p03_hyp-4_full.tar.bz2:14.562431335449219:0.0:0.0
depots-optimal/100/depots_p04_hyp-1_full.tar.bz2:16.5559139251709:0.0:0.0
depots-optimal/100/depots_p04_hyp-2_full.tar.bz2:15.70872712135315:0.0:0.0
depots-optimal/100/depots_p04_hyp-3_full.tar.bz2:17.73271608352661:0.0:0.0
depots-optimal/100/depots_p04_hyp-4_full.tar.bz2:14.755873441696167:0.0:0.0
depots-optimal/100/depots_p05_hyp-1_full.tar.bz2:16.604315519332886:0.0:0.0
depots-optimal/100/depots_p05_hyp-2_full.tar.bz2:15.4101083278656:0.0:0.0
depots-optimal/100/depots_p05_hyp-3_full.tar.bz2:16.733330726623535:0.0:0.0
depots-optimal/100/depots_p05_hyp-4_full.tar.bz2:15.74125051498413:0.0:0.0
depots-optimal/100/depots_p03_hyp-1_full.tar.bz2:15.547581434249878:0.0:0.0
depots-optimal/100/depots_p03_hyp-2_full.tar.bz2:16.03599500656128:0.0:0.0
depots-optimal/100/depots_p03_hyp-3_full.tar.bz2:16.91739320755005:0.0:0.0
depots-optimal/100/depots_p03_hyp-4_full.tar.bz2:16.027201890945435:0.0:0.0
depots-optimal/100/depots_p04_hyp-1_full.tar.bz2:18.02939748764038:0.0:0.0
depots-optimal/100/depots_p04_hyp-2_full.tar.bz2:16.668975353240967:0.0:0.0
depots-optimal/100/depots_p04_hyp-3_full.tar.bz2:18.804397344589233:0.0:0.0
depots-optimal/100/depots_p04_hyp-4_full.tar.bz2:16.408396244049072:0.0:0.0
depots-optimal/100/depots_p05_hyp-1_full.tar.bz2:18.31461453437805:0.0:0.0
depots-optimal/100/depots_p05_hyp-2_full.tar.bz2:17.011658668518066:0.0:0.0
depots-optimal/100/depots_p05_hyp-3_full.tar.bz2:16.756728410720825:0.0:0.0
depots-optimal/100/depots_p05_hyp-4_full.tar.bz2:17.09340262413025:0.0:0.0
