depots-optimal/100/depots_p03_hyp-1_full.tar.bz2:0.8894376754760742:0.0:0.0
depots-optimal/100/depots_p03_hyp-2_full.tar.bz2:0.31920552253723145:0.0:0.0
depots-optimal/100/depots_p03_hyp-3_full.tar.bz2:0.10161709785461426:0.0:0.0
depots-optimal/100/depots_p03_hyp-4_full.tar.bz2:0.2918999195098877:0.0:0.0
depots-optimal/100/depots_p04_hyp-1_full.tar.bz2:0.16397857666015625:0.0:0.0
depots-optimal/100/depots_p04_hyp-2_full.tar.bz2:0.41752147674560547:0.0:0.0
depots-optimal/100/depots_p04_hyp-3_full.tar.bz2:0.21082830429077148:0.0:0.0
depots-optimal/100/depots_p04_hyp-4_full.tar.bz2:0.11365461349487305:0.0:0.0
depots-optimal/100/depots_p05_hyp-1_full.tar.bz2:0.36287903785705566:0.0:0.0
depots-optimal/100/depots_p05_hyp-2_full.tar.bz2:0.12521100044250488:0.0:0.0
depots-optimal/100/depots_p05_hyp-3_full.tar.bz2:0.1544344425201416:0.0:0.0
depots-optimal/100/depots_p05_hyp-4_full.tar.bz2:0.30541086196899414:0.0:0.0
depots-optimal/100/depots_p03_hyp-1_full.tar.bz2:0.08915162086486816:0.0:0.0
depots-optimal/100/depots_p03_hyp-2_full.tar.bz2:0.1710648536682129:0.0:0.0
depots-optimal/100/depots_p03_hyp-3_full.tar.bz2:0.18791508674621582:0.0:0.0
depots-optimal/100/depots_p03_hyp-4_full.tar.bz2:0.21001505851745605:0.0:0.0
depots-optimal/100/depots_p04_hyp-1_full.tar.bz2:0.20473384857177734:0.0:0.0
depots-optimal/100/depots_p04_hyp-2_full.tar.bz2:0.20714092254638672:0.0:0.0
depots-optimal/100/depots_p04_hyp-3_full.tar.bz2:0.13188552856445312:0.0:0.0
depots-optimal/100/depots_p04_hyp-4_full.tar.bz2:0.13297128677368164:0.0:0.0
depots-optimal/100/depots_p05_hyp-1_full.tar.bz2:0.11989378929138184:0.0:0.0
depots-optimal/100/depots_p05_hyp-2_full.tar.bz2:0.1567213535308838:0.0:0.0
depots-optimal/100/depots_p05_hyp-3_full.tar.bz2:0.16182565689086914:0.0:0.0
depots-optimal/100/depots_p05_hyp-4_full.tar.bz2:0.12003397941589355:0.0:0.0
depots-optimal/100/depots_p03_hyp-1_full.tar.bz2:0.16920042037963867:0.0:0.0
depots-optimal/100/depots_p03_hyp-2_full.tar.bz2:0.3690335750579834:0.0:0.0
depots-optimal/100/depots_p03_hyp-3_full.tar.bz2:0.12886691093444824:0.0:0.0
depots-optimal/100/depots_p03_hyp-4_full.tar.bz2:0.15362310409545898:0.0:0.0
depots-optimal/100/depots_p04_hyp-1_full.tar.bz2:0.14694452285766602:0.0:0.0
depots-optimal/100/depots_p04_hyp-2_full.tar.bz2:0.1499011516571045:0.0:0.0
depots-optimal/100/depots_p04_hyp-3_full.tar.bz2:0.14126205444335938:0.0:0.0
depots-optimal/100/depots_p04_hyp-4_full.tar.bz2:0.1550121307373047:0.0:0.0
depots-optimal/100/depots_p05_hyp-1_full.tar.bz2:0.16024565696716309:0.0:0.0
depots-optimal/100/depots_p05_hyp-2_full.tar.bz2:0.17061567306518555:0.0:0.0
depots-optimal/100/depots_p05_hyp-3_full.tar.bz2:0.14706730842590332:0.0:0.0
depots-optimal/100/depots_p05_hyp-4_full.tar.bz2:0.14596223831176758:0.0:0.0
depots-optimal/100/depots_p03_hyp-1_full.tar.bz2:0.1350703239440918:0.0:0.0
depots-optimal/100/depots_p03_hyp-2_full.tar.bz2:0.24359846115112305:0.0:0.0
depots-optimal/100/depots_p03_hyp-3_full.tar.bz2:0.18533563613891602:0.0:0.0
depots-optimal/100/depots_p03_hyp-4_full.tar.bz2:0.25563883781433105:0.0:0.0
depots-optimal/100/depots_p04_hyp-1_full.tar.bz2:0.34431886672973633:0.0:0.0
depots-optimal/100/depots_p04_hyp-2_full.tar.bz2:0.24511480331420898:0.0:0.0
depots-optimal/100/depots_p04_hyp-3_full.tar.bz2:0.24655795097351074:0.0:0.0
depots-optimal/100/depots_p04_hyp-4_full.tar.bz2:0.20456171035766602:0.0:0.0
depots-optimal/100/depots_p05_hyp-1_full.tar.bz2:0.2600524425506592:0.0:0.0
depots-optimal/100/depots_p05_hyp-2_full.tar.bz2:0.25019001960754395:0.0:0.0
depots-optimal/100/depots_p05_hyp-3_full.tar.bz2:0.2235584259033203:0.0:0.0
depots-optimal/100/depots_p05_hyp-4_full.tar.bz2:0.24332427978515625:0.0:0.0
