depots-optimal/100/depots_p03_hyp-1_full.tar.bz2:5.531370639801025:0.0:0.0
depots-optimal/100/depots_p03_hyp-2_full.tar.bz2:4.990588903427124:0.0:0.0
depots-optimal/100/depots_p03_hyp-3_full.tar.bz2:5.143906116485596:0.0:0.0
depots-optimal/100/depots_p03_hyp-4_full.tar.bz2:5.738703012466431:0.0:0.0
depots-optimal/100/depots_p04_hyp-1_full.tar.bz2:5.553238153457642:0.0:0.0
depots-optimal/100/depots_p04_hyp-2_full.tar.bz2:5.286380290985107:0.0:0.0
depots-optimal/100/depots_p04_hyp-3_full.tar.bz2:5.481239080429077:0.0:0.0
depots-optimal/100/depots_p04_hyp-4_full.tar.bz2:5.656296491622925:0.0:0.0
depots-optimal/100/depots_p05_hyp-1_full.tar.bz2:5.788663625717163:0.0:0.0
depots-optimal/100/depots_p05_hyp-2_full.tar.bz2:6.268838167190552:0.0:0.0
depots-optimal/100/depots_p05_hyp-3_full.tar.bz2:5.539871692657471:0.0:0.0
depots-optimal/100/depots_p05_hyp-4_full.tar.bz2:5.612915754318237:0.0:0.0
depots-optimal/100/depots_p03_hyp-1_full.tar.bz2:5.497487783432007:0.0:0.0
depots-optimal/100/depots_p03_hyp-2_full.tar.bz2:5.105091333389282:0.0:0.0
depots-optimal/100/depots_p03_hyp-3_full.tar.bz2:5.644753456115723:0.0:0.0
depots-optimal/100/depots_p03_hyp-4_full.tar.bz2:6.04338812828064:0.0:0.0
depots-optimal/100/depots_p04_hyp-1_full.tar.bz2:6.591182231903076:0.0:0.0
depots-optimal/100/depots_p04_hyp-2_full.tar.bz2:5.58224630355835:0.0:0.0
depots-optimal/100/depots_p04_hyp-3_full.tar.bz2:5.576428651809692:0.0:0.0
depots-optimal/100/depots_p04_hyp-4_full.tar.bz2:5.726431608200073:0.0:0.0
depots-optimal/100/depots_p05_hyp-1_full.tar.bz2:5.382955551147461:0.0:0.0
depots-optimal/100/depots_p05_hyp-2_full.tar.bz2:6.500720024108887:0.0:0.0
depots-optimal/100/depots_p05_hyp-3_full.tar.bz2:5.2014665603637695:0.0:0.0
depots-optimal/100/depots_p05_hyp-4_full.tar.bz2:5.437113285064697:0.0:0.0
depots-optimal/100/depots_p03_hyp-1_full.tar.bz2:5.203411102294922:0.0:0.0
depots-optimal/100/depots_p03_hyp-2_full.tar.bz2:5.311493396759033:0.0:0.0
depots-optimal/100/depots_p03_hyp-3_full.tar.bz2:5.347081661224365:0.0:0.0
depots-optimal/100/depots_p03_hyp-4_full.tar.bz2:6.546917915344238:0.0:0.0
depots-optimal/100/depots_p04_hyp-1_full.tar.bz2:5.178295373916626:0.0:0.0
depots-optimal/100/depots_p04_hyp-2_full.tar.bz2:5.362140893936157:0.0:0.0
depots-optimal/100/depots_p04_hyp-3_full.tar.bz2:6.002039432525635:0.0:0.0
depots-optimal/100/depots_p04_hyp-4_full.tar.bz2:6.03322958946228:0.0:0.0
depots-optimal/100/depots_p05_hyp-1_full.tar.bz2:6.415563583374023:0.0:0.0
depots-optimal/100/depots_p05_hyp-2_full.tar.bz2:5.527329206466675:0.0:0.0
depots-optimal/100/depots_p05_hyp-3_full.tar.bz2:5.584414958953857:0.0:0.0
depots-optimal/100/depots_p05_hyp-4_full.tar.bz2:5.588130235671997:0.0:0.0
depots-optimal/100/depots_p03_hyp-1_full.tar.bz2:5.218839883804321:0.0:0.0
depots-optimal/100/depots_p03_hyp-2_full.tar.bz2:5.071185111999512:0.0:0.0
depots-optimal/100/depots_p03_hyp-3_full.tar.bz2:5.617449998855591:0.0:0.0
depots-optimal/100/depots_p03_hyp-4_full.tar.bz2:4.953914403915405:0.0:0.0
depots-optimal/100/depots_p04_hyp-1_full.tar.bz2:5.5200042724609375:0.0:0.0
depots-optimal/100/depots_p04_hyp-2_full.tar.bz2:5.098503112792969:0.0:0.0
depots-optimal/100/depots_p04_hyp-3_full.tar.bz2:5.402509450912476:0.0:0.0
depots-optimal/100/depots_p04_hyp-4_full.tar.bz2:5.091437339782715:0.0:0.0
depots-optimal/100/depots_p05_hyp-1_full.tar.bz2:5.622901916503906:0.0:0.0
depots-optimal/100/depots_p05_hyp-2_full.tar.bz2:4.834720134735107:0.0:0.0
depots-optimal/100/depots_p05_hyp-3_full.tar.bz2:5.342913866043091:0.0:0.0
depots-optimal/100/depots_p05_hyp-4_full.tar.bz2:4.9871509075164795:0.0:0.0
