driverlog-optimal/100/driverlog_p03_hyp-1_full.tar.bz2:0.42375993728637695:0.0:0.0
driverlog-optimal/100/driverlog_p03_hyp-2_full.tar.bz2:0.18341469764709473:0.0:0.0
driverlog-optimal/100/driverlog_p03_hyp-3_full.tar.bz2:0.0486903190612793:0.0:0.0
driverlog-optimal/100/driverlog_p03_hyp-4_full.tar.bz2:0.04132699966430664:0.0:0.0
driverlog-optimal/100/driverlog_p04_hyp-1_full.tar.bz2:0.09908795356750488:0.0:0.0
driverlog-optimal/100/driverlog_p04_hyp-2_full.tar.bz2:0.13797998428344727:0.0:0.0
driverlog-optimal/100/driverlog_p04_hyp-3_full.tar.bz2:0.051305294036865234:0.0:0.0
driverlog-optimal/100/driverlog_p04_hyp-4_full.tar.bz2:0.05973100662231445:0.0:0.0
driverlog-optimal/100/driverlog_p05_hyp-1_full.tar.bz2:0.1399834156036377:0.0:0.0
driverlog-optimal/100/driverlog_p05_hyp-2_full.tar.bz2:0.15061116218566895:0.0:0.0
driverlog-optimal/100/driverlog_p05_hyp-3_full.tar.bz2:0.08629083633422852:0.0:0.0
driverlog-optimal/100/driverlog_p05_hyp-4_full.tar.bz2:0.15720915794372559:0.0:0.0
driverlog-optimal/100/driverlog_p03_hyp-1_full.tar.bz2:0.04425311088562012:0.0:0.0
driverlog-optimal/100/driverlog_p03_hyp-2_full.tar.bz2:0.07320785522460938:0.0:0.0
driverlog-optimal/100/driverlog_p03_hyp-3_full.tar.bz2:0.13557648658752441:0.0:0.0
driverlog-optimal/100/driverlog_p03_hyp-4_full.tar.bz2:0.04341888427734375:0.0:0.0
driverlog-optimal/100/driverlog_p04_hyp-1_full.tar.bz2:0.09922504425048828:0.0:0.0
driverlog-optimal/100/driverlog_p04_hyp-2_full.tar.bz2:0.26166486740112305:0.0:0.0
driverlog-optimal/100/driverlog_p04_hyp-3_full.tar.bz2:0.08680057525634766:0.0:0.0
driverlog-optimal/100/driverlog_p04_hyp-4_full.tar.bz2:0.2830178737640381:0.0:0.0
driverlog-optimal/100/driverlog_p05_hyp-1_full.tar.bz2:0.1779344081878662:0.0:0.0
driverlog-optimal/100/driverlog_p05_hyp-2_full.tar.bz2:0.19350457191467285:0.0:0.0
driverlog-optimal/100/driverlog_p05_hyp-3_full.tar.bz2:0.418881893157959:0.0:0.0
driverlog-optimal/100/driverlog_p05_hyp-4_full.tar.bz2:0.4982757568359375:0.0:0.0
driverlog-optimal/100/driverlog_p03_hyp-1_full.tar.bz2:0.066650390625:0.0:0.0
driverlog-optimal/100/driverlog_p03_hyp-2_full.tar.bz2:0.1776750087738037:0.0:0.0
driverlog-optimal/100/driverlog_p03_hyp-3_full.tar.bz2:0.07915616035461426:0.0:0.0
driverlog-optimal/100/driverlog_p03_hyp-4_full.tar.bz2:0.06790947914123535:0.0:0.0
driverlog-optimal/100/driverlog_p04_hyp-1_full.tar.bz2:0.18892860412597656:0.0:0.0
driverlog-optimal/100/driverlog_p04_hyp-2_full.tar.bz2:0.18067407608032227:0.0:0.0
driverlog-optimal/100/driverlog_p04_hyp-3_full.tar.bz2:0.11297917366027832:0.0:0.0
driverlog-optimal/100/driverlog_p04_hyp-4_full.tar.bz2:0.209669828414917:0.0:0.0
driverlog-optimal/100/driverlog_p05_hyp-1_full.tar.bz2:0.27672243118286133:0.0:0.0
driverlog-optimal/100/driverlog_p05_hyp-2_full.tar.bz2:0.2391068935394287:0.0:0.0
driverlog-optimal/100/driverlog_p05_hyp-3_full.tar.bz2:0.30864572525024414:0.0:0.0
driverlog-optimal/100/driverlog_p05_hyp-4_full.tar.bz2:0.28084707260131836:0.0:0.0
driverlog-optimal/100/driverlog_p03_hyp-1_full.tar.bz2:0.16260480880737305:0.0:0.0
driverlog-optimal/100/driverlog_p03_hyp-2_full.tar.bz2:0.16208910942077637:0.0:0.0
driverlog-optimal/100/driverlog_p03_hyp-3_full.tar.bz2:0.17459774017333984:0.0:0.0
driverlog-optimal/100/driverlog_p03_hyp-4_full.tar.bz2:0.14689302444458008:0.0:0.0
driverlog-optimal/100/driverlog_p04_hyp-1_full.tar.bz2:0.24723196029663086:0.0:0.0
driverlog-optimal/100/driverlog_p04_hyp-2_full.tar.bz2:0.20897173881530762:0.0:0.0
driverlog-optimal/100/driverlog_p04_hyp-3_full.tar.bz2:0.134049654006958:0.0:0.0
driverlog-optimal/100/driverlog_p04_hyp-4_full.tar.bz2:0.3509073257446289:0.0:0.0
driverlog-optimal/100/driverlog_p05_hyp-1_full.tar.bz2:0.387225866317749:0.0:0.0
driverlog-optimal/100/driverlog_p05_hyp-2_full.tar.bz2:0.38854312896728516:0.0:0.0
driverlog-optimal/100/driverlog_p05_hyp-3_full.tar.bz2:0.40256738662719727:0.0:0.0
driverlog-optimal/100/driverlog_p05_hyp-4_full.tar.bz2:0.41426587104797363:0.0:0.0
