driverlog-optimal/100/driverlog_p03_hyp-1_full.tar.bz2:4.970498085021973:0.0:0.0
driverlog-optimal/100/driverlog_p03_hyp-2_full.tar.bz2:5.665743112564087:0.0:0.0
driverlog-optimal/100/driverlog_p03_hyp-3_full.tar.bz2:5.6271984577178955:0.0:0.0
driverlog-optimal/100/driverlog_p03_hyp-4_full.tar.bz2:5.100634813308716:0.0:0.0
driverlog-optimal/100/driverlog_p04_hyp-1_full.tar.bz2:5.8262152671813965:0.0:0.0
driverlog-optimal/100/driverlog_p04_hyp-2_full.tar.bz2:6.013683557510376:0.0:0.0
driverlog-optimal/100/driverlog_p04_hyp-3_full.tar.bz2:6.265630006790161:0.0:0.0
driverlog-optimal/100/driverlog_p04_hyp-4_full.tar.bz2:5.908786773681641:0.0:0.0
driverlog-optimal/100/driverlog_p05_hyp-1_full.tar.bz2:6.380227327346802:0.0:0.0
driverlog-optimal/100/driverlog_p05_hyp-2_full.tar.bz2:6.0176427364349365:0.0:0.0
driverlog-optimal/100/driverlog_p05_hyp-3_full.tar.bz2:5.523630142211914:0.0:0.0
driverlog-optimal/100/driverlog_p05_hyp-4_full.tar.bz2:5.870981216430664:0.0:0.0
driverlog-optimal/100/driverlog_p03_hyp-1_full.tar.bz2:5.066431283950806:0.0:0.0
driverlog-optimal/100/driverlog_p03_hyp-2_full.tar.bz2:5.732951402664185:0.0:0.0
driverlog-optimal/100/driverlog_p03_hyp-3_full.tar.bz2:5.432388544082642:0.0:0.0
driverlog-optimal/100/driverlog_p03_hyp-4_full.tar.bz2:5.12099552154541:0.0:0.0
driverlog-optimal/100/driverlog_p04_hyp-1_full.tar.bz2:5.959069728851318:0.0:0.0
driverlog-optimal/100/driverlog_p04_hyp-2_full.tar.bz2:5.6217451095581055:0.0:0.0
driverlog-optimal/100/driverlog_p04_hyp-3_full.tar.bz2:5.64096474647522:0.0:0.0
driverlog-optimal/100/driverlog_p04_hyp-4_full.tar.bz2:6.477145671844482:0.0:0.0
driverlog-optimal/100/driverlog_p05_hyp-1_full.tar.bz2:6.759870767593384:0.0:0.0
driverlog-optimal/100/driverlog_p05_hyp-2_full.tar.bz2:5.874235391616821:0.0:0.0
driverlog-optimal/100/driverlog_p05_hyp-3_full.tar.bz2:5.832836627960205:0.0:0.0
driverlog-optimal/100/driverlog_p05_hyp-4_full.tar.bz2:6.352928876876831:0.0:0.0
driverlog-optimal/100/driverlog_p03_hyp-1_full.tar.bz2:6.024291276931763:0.0:0.0
driverlog-optimal/100/driverlog_p03_hyp-2_full.tar.bz2:4.991241693496704:0.0:0.0
driverlog-optimal/100/driverlog_p03_hyp-3_full.tar.bz2:5.278265476226807:0.0:0.0
driverlog-optimal/100/driverlog_p03_hyp-4_full.tar.bz2:5.482973337173462:0.0:0.0
driverlog-optimal/100/driverlog_p04_hyp-1_full.tar.bz2:5.85080361366272:0.0:0.0
driverlog-optimal/100/driverlog_p04_hyp-2_full.tar.bz2:5.780888557434082:0.0:0.0
driverlog-optimal/100/driverlog_p04_hyp-3_full.tar.bz2:9.450154781341553:0.0:0.0
driverlog-optimal/100/driverlog_p04_hyp-4_full.tar.bz2:7.93526554107666:0.0:0.0
driverlog-optimal/100/driverlog_p05_hyp-1_full.tar.bz2:7.96412205696106:0.0:0.0
driverlog-optimal/100/driverlog_p05_hyp-2_full.tar.bz2:8.106717109680176:0.0:0.0
driverlog-optimal/100/driverlog_p05_hyp-3_full.tar.bz2:9.485113859176636:0.0:0.0
driverlog-optimal/100/driverlog_p05_hyp-4_full.tar.bz2:7.615162372589111:0.0:0.0
driverlog-optimal/100/driverlog_p03_hyp-1_full.tar.bz2:6.000622987747192:0.0:0.0
driverlog-optimal/100/driverlog_p03_hyp-2_full.tar.bz2:5.249887228012085:0.0:0.0
driverlog-optimal/100/driverlog_p03_hyp-3_full.tar.bz2:5.499972581863403:0.0:0.0
driverlog-optimal/100/driverlog_p03_hyp-4_full.tar.bz2:5.979180812835693:0.0:0.0
driverlog-optimal/100/driverlog_p04_hyp-1_full.tar.bz2:7.451167821884155:0.0:0.0
driverlog-optimal/100/driverlog_p04_hyp-2_full.tar.bz2:5.725897312164307:0.0:0.0
driverlog-optimal/100/driverlog_p04_hyp-3_full.tar.bz2:5.4551475048065186:0.0:0.0
driverlog-optimal/100/driverlog_p04_hyp-4_full.tar.bz2:5.513024091720581:0.0:0.0
driverlog-optimal/100/driverlog_p05_hyp-1_full.tar.bz2:5.475560665130615:0.0:0.0
driverlog-optimal/100/driverlog_p05_hyp-2_full.tar.bz2:6.3578455448150635:0.0:0.0
driverlog-optimal/100/driverlog_p05_hyp-3_full.tar.bz2:5.8575897216796875:0.0:0.0
driverlog-optimal/100/driverlog_p05_hyp-4_full.tar.bz2:5.545938491821289:0.0:0.0
