driverlog-optimal/100/driverlog_p03_hyp-1_full.tar.bz2:4.989768743515015:0.0:0.0
driverlog-optimal/100/driverlog_p03_hyp-2_full.tar.bz2:5.560265064239502:0.0:0.0
driverlog-optimal/100/driverlog_p03_hyp-3_full.tar.bz2:5.3151984214782715:0.0:0.0
driverlog-optimal/100/driverlog_p03_hyp-4_full.tar.bz2:4.767695426940918:0.0:0.0
driverlog-optimal/100/driverlog_p04_hyp-1_full.tar.bz2:6.063795804977417:0.0:0.0
driverlog-optimal/100/driverlog_p04_hyp-2_full.tar.bz2:5.465027093887329:0.0:0.0
driverlog-optimal/100/driverlog_p04_hyp-3_full.tar.bz2:5.485851764678955:0.0:0.0
driverlog-optimal/100/driverlog_p04_hyp-4_full.tar.bz2:6.0110859870910645:0.0:0.0
driverlog-optimal/100/driverlog_p05_hyp-1_full.tar.bz2:6.065698623657227:0.0:0.0
driverlog-optimal/100/driverlog_p05_hyp-2_full.tar.bz2:5.815005540847778:0.0:0.0
driverlog-optimal/100/driverlog_p05_hyp-3_full.tar.bz2:5.958754301071167:0.0:0.0
driverlog-optimal/100/driverlog_p05_hyp-4_full.tar.bz2:5.9720618724823:0.0:0.0
driverlog-optimal/100/driverlog_p03_hyp-1_full.tar.bz2:5.470658302307129:0.0:0.0
driverlog-optimal/100/driverlog_p03_hyp-2_full.tar.bz2:6.433136940002441:0.0:0.0
driverlog-optimal/100/driverlog_p03_hyp-3_full.tar.bz2:6.001195192337036:0.0:0.0
driverlog-optimal/100/driverlog_p03_hyp-4_full.tar.bz2:6.591359615325928:0.0:0.0
driverlog-optimal/100/driverlog_p04_hyp-1_full.tar.bz2:7.326433897018433:0.0:0.0
driverlog-optimal/100/driverlog_p04_hyp-2_full.tar.bz2:7.136636018753052:0.0:0.0
driverlog-optimal/100/driverlog_p04_hyp-3_full.tar.bz2:7.560260534286499:0.0:0.0
driverlog-optimal/100/driverlog_p04_hyp-4_full.tar.bz2:7.78748083114624:0.0:0.0
driverlog-optimal/100/driverlog_p05_hyp-1_full.tar.bz2:8.398958921432495:0.0:0.0
driverlog-optimal/100/driverlog_p05_hyp-2_full.tar.bz2:7.6756086349487305:0.0:0.0
driverlog-optimal/100/driverlog_p05_hyp-3_full.tar.bz2:7.671135663986206:0.0:0.0
driverlog-optimal/100/driverlog_p05_hyp-4_full.tar.bz2:8.582822561264038:0.0:0.0
driverlog-optimal/100/driverlog_p03_hyp-1_full.tar.bz2:6.573268175125122:0.0:0.0
driverlog-optimal/100/driverlog_p03_hyp-2_full.tar.bz2:7.7863054275512695:0.0:0.0
driverlog-optimal/100/driverlog_p03_hyp-3_full.tar.bz2:6.856903791427612:0.0:0.0
driverlog-optimal/100/driverlog_p03_hyp-4_full.tar.bz2:6.755537748336792:0.0:0.0
driverlog-optimal/100/driverlog_p04_hyp-1_full.tar.bz2:8.78719711303711:0.0:0.0
driverlog-optimal/100/driverlog_p04_hyp-2_full.tar.bz2:8.494364738464355:0.0:0.0
driverlog-optimal/100/driverlog_p04_hyp-3_full.tar.bz2:8.253031015396118:0.0:0.0
driverlog-optimal/100/driverlog_p04_hyp-4_full.tar.bz2:9.699578762054443:0.0:0.0
driverlog-optimal/100/driverlog_p05_hyp-1_full.tar.bz2:9.775416374206543:0.0:0.0
driverlog-optimal/100/driverlog_p05_hyp-2_full.tar.bz2:9.434348344802856:0.0:0.0
driverlog-optimal/100/driverlog_p05_hyp-3_full.tar.bz2:9.700453519821167:0.0:0.0
driverlog-optimal/100/driverlog_p05_hyp-4_full.tar.bz2:9.67117953300476:0.0:0.0
driverlog-optimal/100/driverlog_p03_hyp-1_full.tar.bz2:7.387739896774292:0.0:0.0
driverlog-optimal/100/driverlog_p03_hyp-2_full.tar.bz2:10.848485946655273:0.0:0.0
driverlog-optimal/100/driverlog_p03_hyp-3_full.tar.bz2:8.921467542648315:0.0:0.0
driverlog-optimal/100/driverlog_p03_hyp-4_full.tar.bz2:7.350220203399658:0.0:0.0
driverlog-optimal/100/driverlog_p04_hyp-1_full.tar.bz2:11.172013282775879:0.0:0.0
driverlog-optimal/100/driverlog_p04_hyp-2_full.tar.bz2:10.338190078735352:0.0:0.0
driverlog-optimal/100/driverlog_p04_hyp-3_full.tar.bz2:9.97365403175354:0.0:0.0
driverlog-optimal/100/driverlog_p04_hyp-4_full.tar.bz2:11.81261658668518:0.0:0.0
driverlog-optimal/100/driverlog_p05_hyp-1_full.tar.bz2:13.986370325088501:0.0:0.0
driverlog-optimal/100/driverlog_p05_hyp-2_full.tar.bz2:12.179546117782593:0.0:0.0
driverlog-optimal/100/driverlog_p05_hyp-3_full.tar.bz2:12.264358520507812:0.0:0.0
driverlog-optimal/100/driverlog_p05_hyp-4_full.tar.bz2:14.963454484939575:0.0:0.0
