driverlog-optimal/100/driverlog_p03_hyp-1_full.tar.bz2:14.78108286857605:0.0:0.0
driverlog-optimal/100/driverlog_p03_hyp-2_full.tar.bz2:12.955719709396362:0.0:0.0
driverlog-optimal/100/driverlog_p03_hyp-3_full.tar.bz2:12.155353546142578:0.0:0.0
driverlog-optimal/100/driverlog_p03_hyp-4_full.tar.bz2:11.527392148971558:0.0:0.0
driverlog-optimal/100/driverlog_p04_hyp-1_full.tar.bz2:13.367922067642212:0.0:0.0
driverlog-optimal/100/driverlog_p04_hyp-2_full.tar.bz2:12.90135145187378:0.0:0.0
driverlog-optimal/100/driverlog_p04_hyp-3_full.tar.bz2:12.880173683166504:0.0:0.0
driverlog-optimal/100/driverlog_p04_hyp-4_full.tar.bz2:12.903918266296387:0.0:0.0
driverlog-optimal/100/driverlog_p05_hyp-1_full.tar.bz2:14.670221090316772:0.0:0.0
driverlog-optimal/100/driverlog_p05_hyp-2_full.tar.bz2:12.996835470199585:0.0:0.0
driverlog-optimal/100/driverlog_p05_hyp-3_full.tar.bz2:13.044490337371826:0.0:0.0
driverlog-optimal/100/driverlog_p05_hyp-4_full.tar.bz2:14.806087970733643:0.0:0.0
driverlog-optimal/100/driverlog_p03_hyp-1_full.tar.bz2:11.691167831420898:0.0:0.0
driverlog-optimal/100/driverlog_p03_hyp-2_full.tar.bz2:14.107564926147461:0.0:0.0
driverlog-optimal/100/driverlog_p03_hyp-3_full.tar.bz2:12.07925271987915:0.0:0.0
driverlog-optimal/100/driverlog_p03_hyp-4_full.tar.bz2:11.774747610092163:0.0:0.0
driverlog-optimal/100/driverlog_p04_hyp-1_full.tar.bz2:14.623205184936523:0.0:0.0
driverlog-optimal/100/driverlog_p04_hyp-2_full.tar.bz2:12.472742795944214:0.0:0.0
driverlog-optimal/100/driverlog_p04_hyp-3_full.tar.bz2:12.91188907623291:0.0:0.0
driverlog-optimal/100/driverlog_p04_hyp-4_full.tar.bz2:14.27231216430664:0.0:0.0
driverlog-optimal/100/driverlog_p05_hyp-1_full.tar.bz2:14.050723791122437:0.0:0.0
driverlog-optimal/100/driverlog_p05_hyp-2_full.tar.bz2:15.49910855293274:0.0:0.0
driverlog-optimal/100/driverlog_p05_hyp-3_full.tar.bz2:13.810709953308105:0.0:0.0
driverlog-optimal/100/driverlog_p05_hyp-4_full.tar.bz2:15.308733940124512:0.0:0.0
driverlog-optimal/100/driverlog_p03_hyp-1_full.tar.bz2:12.150722980499268:0.0:0.0
driverlog-optimal/100/driverlog_p03_hyp-2_full.tar.bz2:12.820791959762573:0.0:0.0
driverlog-optimal/100/driverlog_p03_hyp-3_full.tar.bz2:14.232651710510254:0.0:0.0
driverlog-optimal/100/driverlog_p03_hyp-4_full.tar.bz2:12.238637924194336:0.0:0.0
driverlog-optimal/100/driverlog_p04_hyp-1_full.tar.bz2:14.905278444290161:0.0:0.0
driverlog-optimal/100/driverlog_p04_hyp-2_full.tar.bz2:13.17934513092041:0.0:0.0
driverlog-optimal/100/driverlog_p04_hyp-3_full.tar.bz2:13.332648754119873:0.0:0.0
driverlog-optimal/100/driverlog_p04_hyp-4_full.tar.bz2:15.005011796951294:0.0:0.0
driverlog-optimal/100/driverlog_p05_hyp-1_full.tar.bz2:14.298327684402466:0.0:0.0
driverlog-optimal/100/driverlog_p05_hyp-2_full.tar.bz2:16.17776656150818:0.0:0.0
driverlog-optimal/100/driverlog_p05_hyp-3_full.tar.bz2:14.430501937866211:0.0:0.0
driverlog-optimal/100/driverlog_p05_hyp-4_full.tar.bz2:16.183651447296143:0.0:0.0
driverlog-optimal/100/driverlog_p03_hyp-1_full.tar.bz2:12.451186656951904:0.0:0.0
driverlog-optimal/100/driverlog_p03_hyp-2_full.tar.bz2:13.595375061035156:0.0:0.0
driverlog-optimal/100/driverlog_p03_hyp-3_full.tar.bz2:14.301987409591675:0.0:0.0
driverlog-optimal/100/driverlog_p03_hyp-4_full.tar.bz2:12.437358379364014:0.0:0.0
driverlog-optimal/100/driverlog_p04_hyp-1_full.tar.bz2:16.34606146812439:0.0:0.0
driverlog-optimal/100/driverlog_p04_hyp-2_full.tar.bz2:13.879331827163696:0.0:0.0
driverlog-optimal/100/driverlog_p04_hyp-3_full.tar.bz2:15.561054229736328:0.0:0.0
driverlog-optimal/100/driverlog_p04_hyp-4_full.tar.bz2:14.371515274047852:0.0:0.0
driverlog-optimal/100/driverlog_p05_hyp-1_full.tar.bz2:18.63415503501892:0.0:0.0
driverlog-optimal/100/driverlog_p05_hyp-2_full.tar.bz2:15.97209095954895:0.0:0.0
driverlog-optimal/100/driverlog_p05_hyp-3_full.tar.bz2:15.892369031906128:0.0:0.0
driverlog-optimal/100/driverlog_p05_hyp-4_full.tar.bz2:16.1771981716156:0.0:0.0
