driverlog-optimal/100/driverlog_p03_hyp-1_full.tar.bz2:12.285383462905884:0.0:0.0
driverlog-optimal/100/driverlog_p03_hyp-2_full.tar.bz2:16.526044130325317:0.0:0.0
driverlog-optimal/100/driverlog_p03_hyp-3_full.tar.bz2:15.878463983535767:0.0:0.0
driverlog-optimal/100/driverlog_p03_hyp-4_full.tar.bz2:9.85866665840149:0.0:0.0
driverlog-optimal/100/driverlog_p04_hyp-1_full.tar.bz2:15.01165246963501:0.0:0.0
driverlog-optimal/100/driverlog_p04_hyp-2_full.tar.bz2:12.310526609420776:0.0:0.0
driverlog-optimal/100/driverlog_p04_hyp-3_full.tar.bz2:12.374683380126953:0.0:0.0
driverlog-optimal/100/driverlog_p04_hyp-4_full.tar.bz2:15.715729713439941:0.0:0.0
driverlog-optimal/100/driverlog_p05_hyp-1_full.tar.bz2:22.66134214401245:0.0:0.0
driverlog-optimal/100/driverlog_p05_hyp-2_full.tar.bz2:16.730098009109497:0.0:0.0
driverlog-optimal/100/driverlog_p05_hyp-3_full.tar.bz2:16.540819883346558:0.0:0.0
driverlog-optimal/100/driverlog_p05_hyp-4_full.tar.bz2:19.304499864578247:0.0:0.0
driverlog-optimal/100/driverlog_p03_hyp-1_full.tar.bz2:16.596344470977783:0.0:0.0
driverlog-optimal/100/driverlog_p03_hyp-2_full.tar.bz2:26.118505716323853:0.0:0.0
driverlog-optimal/100/driverlog_p03_hyp-3_full.tar.bz2:20.22840714454651:0.0:0.0
driverlog-optimal/100/driverlog_p03_hyp-4_full.tar.bz2:18.3935329914093:0.0:0.0
driverlog-optimal/100/driverlog_p04_hyp-1_full.tar.bz2:23.42131805419922:0.0:0.0
driverlog-optimal/100/driverlog_p04_hyp-2_full.tar.bz2:21.12891411781311:0.0:0.0
driverlog-optimal/100/driverlog_p04_hyp-3_full.tar.bz2:23.201443433761597:0.0:0.0
driverlog-optimal/100/driverlog_p04_hyp-4_full.tar.bz2:26.435965538024902:0.0:0.0
driverlog-optimal/100/driverlog_p05_hyp-1_full.tar.bz2:31.754694938659668:0.0:0.0
driverlog-optimal/100/driverlog_p05_hyp-2_full.tar.bz2:26.184430360794067:0.0:0.0
driverlog-optimal/100/driverlog_p05_hyp-3_full.tar.bz2:28.17792534828186:0.0:0.0
driverlog-optimal/100/driverlog_p05_hyp-4_full.tar.bz2:31.49711799621582:0.0:0.0
driverlog-optimal/100/driverlog_p03_hyp-1_full.tar.bz2:23.86409640312195:0.0:0.0
driverlog-optimal/100/driverlog_p03_hyp-2_full.tar.bz2:36.32850480079651:0.0:0.0
driverlog-optimal/100/driverlog_p03_hyp-3_full.tar.bz2:29.333664178848267:0.0:0.0
driverlog-optimal/100/driverlog_p03_hyp-4_full.tar.bz2:25.610459566116333:0.0:0.0
driverlog-optimal/100/driverlog_p04_hyp-1_full.tar.bz2:31.831778287887573:0.0:0.0
driverlog-optimal/100/driverlog_p04_hyp-2_full.tar.bz2:29.403003454208374:0.0:0.0
driverlog-optimal/100/driverlog_p04_hyp-3_full.tar.bz2:29.070703506469727:0.0:0.0
driverlog-optimal/100/driverlog_p04_hyp-4_full.tar.bz2:35.38384938240051:0.0:0.0
driverlog-optimal/100/driverlog_p05_hyp-1_full.tar.bz2:40.22807693481445:0.0:0.0
driverlog-optimal/100/driverlog_p05_hyp-2_full.tar.bz2:38.167574882507324:0.0:0.0
driverlog-optimal/100/driverlog_p05_hyp-3_full.tar.bz2:38.00407075881958:0.0:0.0
driverlog-optimal/100/driverlog_p05_hyp-4_full.tar.bz2:37.856462717056274:0.0:0.0
driverlog-optimal/100/driverlog_p03_hyp-1_full.tar.bz2:32.249937772750854:0.0:0.0
driverlog-optimal/100/driverlog_p03_hyp-2_full.tar.bz2:49.7835636138916:0.0:0.0
driverlog-optimal/100/driverlog_p03_hyp-3_full.tar.bz2:41.62220239639282:0.0:0.0
driverlog-optimal/100/driverlog_p03_hyp-4_full.tar.bz2:33.38363838195801:0.0:0.0
driverlog-optimal/100/driverlog_p04_hyp-1_full.tar.bz2:47.16170263290405:0.0:0.0
driverlog-optimal/100/driverlog_p04_hyp-2_full.tar.bz2:38.75380778312683:0.0:0.0
driverlog-optimal/100/driverlog_p04_hyp-3_full.tar.bz2:37.85038185119629:0.0:0.0
driverlog-optimal/100/driverlog_p04_hyp-4_full.tar.bz2:47.1922881603241:0.0:0.0
driverlog-optimal/100/driverlog_p05_hyp-1_full.tar.bz2:57.31181716918945:0.0:0.0
driverlog-optimal/100/driverlog_p05_hyp-2_full.tar.bz2:51.73698616027832:0.0:0.0
driverlog-optimal/100/driverlog_p05_hyp-3_full.tar.bz2:51.37072968482971:0.0:0.0
driverlog-optimal/100/driverlog_p05_hyp-4_full.tar.bz2:53.09989857673645:0.0:0.0
