dwr-optimal/100/dwr_p02_hyp-1_full.tar.bz2:27.632068872451782:0.0:0.0
dwr-optimal/100/dwr_p02_hyp-2_full.tar.bz2:22.465891361236572:0.0:0.0
dwr-optimal/100/dwr_p02_hyp-3_full.tar.bz2:20.547662019729614:0.0:0.0
dwr-optimal/100/dwr_p02_hyp-4_full.tar.bz2:22.781413078308105:0.0:0.0
dwr-optimal/100/dwr_p04_hyp-1_full.tar.bz2:13.728890657424927:0.0:0.0
dwr-optimal/100/dwr_p04_hyp-2_full.tar.bz2:19.974123239517212:0.0:0.0
dwr-optimal/100/dwr_p04_hyp-3_full.tar.bz2:17.022427797317505:0.0:0.0
dwr-optimal/100/dwr_p04_hyp-4_full.tar.bz2:19.84123921394348:0.0:0.0
dwr-optimal/100/dwr_p05_hyp-1_full.tar.bz2:103.74285340309143:0.0:0.0
dwr-optimal/100/dwr_p05_hyp-2_full.tar.bz2:94.63918614387512:0.0:0.0
dwr-optimal/100/dwr_p05_hyp-3_full.tar.bz2:81.68399000167847:0.0:0.0
dwr-optimal/100/dwr_p05_hyp-4_full.tar.bz2:76.44259786605835:0.0:0.0
dwr-optimal/100/dwr_p02_hyp-1_full.tar.bz2:30.991448640823364:0.0:0.0
dwr-optimal/100/dwr_p02_hyp-2_full.tar.bz2:30.749390602111816:0.0:0.0
dwr-optimal/100/dwr_p02_hyp-3_full.tar.bz2:30.765390634536743:0.0:0.0
dwr-optimal/100/dwr_p02_hyp-4_full.tar.bz2:33.08119201660156:0.0:0.0
dwr-optimal/100/dwr_p04_hyp-1_full.tar.bz2:28.1201593875885:0.0:0.0
dwr-optimal/100/dwr_p04_hyp-2_full.tar.bz2:28.772393703460693:0.0:0.0
dwr-optimal/100/dwr_p04_hyp-3_full.tar.bz2:29.6793429851532:0.0:0.0
dwr-optimal/100/dwr_p04_hyp-4_full.tar.bz2:25.640905141830444:0.0:0.0
dwr-optimal/100/dwr_p05_hyp-1_full.tar.bz2:197.89157843589783:0.0:0.0
dwr-optimal/100/dwr_p05_hyp-2_full.tar.bz2:155.273366689682:0.0:0.0
dwr-optimal/100/dwr_p05_hyp-3_full.tar.bz2:134.37072563171387:0.0:0.0
dwr-optimal/100/dwr_p05_hyp-4_full.tar.bz2:122.39548516273499:0.0:0.0
dwr-optimal/100/dwr_p02_hyp-1_full.tar.bz2:41.25690507888794:0.0:0.0
dwr-optimal/100/dwr_p02_hyp-2_full.tar.bz2:45.809831380844116:0.0:0.0
dwr-optimal/100/dwr_p02_hyp-3_full.tar.bz2:42.70305061340332:0.0:0.0
dwr-optimal/100/dwr_p02_hyp-4_full.tar.bz2:44.75582504272461:0.0:0.0
dwr-optimal/100/dwr_p04_hyp-1_full.tar.bz2:32.37765955924988:0.0:0.0
dwr-optimal/100/dwr_p04_hyp-2_full.tar.bz2:36.690195083618164:0.0:0.0
dwr-optimal/100/dwr_p04_hyp-3_full.tar.bz2:36.042999029159546:0.0:0.0
dwr-optimal/100/dwr_p04_hyp-4_full.tar.bz2:35.60611343383789:0.0:0.0
dwr-optimal/100/dwr_p05_hyp-1_full.tar.bz2:216.84718871116638:0.0:0.0
dwr-optimal/100/dwr_p05_hyp-2_full.tar.bz2:242.73528742790222:0.0:0.0
dwr-optimal/100/dwr_p05_hyp-3_full.tar.bz2:234.0946774482727:0.0:0.0
dwr-optimal/100/dwr_p05_hyp-4_full.tar.bz2:216.69151401519775:0.0:0.0
dwr-optimal/100/dwr_p02_hyp-1_full.tar.bz2:73.78021931648254:0.0:0.0
dwr-optimal/100/dwr_p02_hyp-2_full.tar.bz2:73.33191847801208:0.0:0.0
dwr-optimal/100/dwr_p02_hyp-3_full.tar.bz2:75.18152737617493:0.0:0.0
dwr-optimal/100/dwr_p02_hyp-4_full.tar.bz2:73.4078357219696:0.0:0.0
dwr-optimal/100/dwr_p04_hyp-1_full.tar.bz2:56.557817697525024:0.0:0.0
dwr-optimal/100/dwr_p04_hyp-2_full.tar.bz2:59.875288009643555:0.0:0.0
dwr-optimal/100/dwr_p04_hyp-3_full.tar.bz2:62.23228192329407:0.0:0.0
dwr-optimal/100/dwr_p04_hyp-4_full.tar.bz2:62.4889612197876:0.0:0.0
dwr-optimal/100/dwr_p05_hyp-1_full.tar.bz2:391.53903222084045:0.0:0.0
dwr-optimal/100/dwr_p05_hyp-2_full.tar.bz2:414.68117117881775:0.0:0.0
dwr-optimal/100/dwr_p05_hyp-3_full.tar.bz2:322.7828004360199:0.0:0.0
dwr-optimal/100/dwr_p05_hyp-4_full.tar.bz2:317.8936924934387:0.0:0.0
