dwr-optimal/100/dwr_p02_hyp-1_full.tar.bz2:0.5420064926147461:0.0:0.0
dwr-optimal/100/dwr_p02_hyp-2_full.tar.bz2:0.32754039764404297:0.0:0.0
dwr-optimal/100/dwr_p02_hyp-3_full.tar.bz2:0.15236139297485352:0.0:0.0
dwr-optimal/100/dwr_p02_hyp-4_full.tar.bz2:0.31649160385131836:0.0:0.0
dwr-optimal/100/dwr_p04_hyp-1_full.tar.bz2:0.07561564445495605:0.0:0.0
dwr-optimal/100/dwr_p04_hyp-2_full.tar.bz2:0.15546107292175293:0.0:0.0
dwr-optimal/100/dwr_p04_hyp-3_full.tar.bz2:0.0832056999206543:0.0:0.0
dwr-optimal/100/dwr_p04_hyp-4_full.tar.bz2:0.2084977626800537:0.0:0.0
dwr-optimal/100/dwr_p05_hyp-1_full.tar.bz2:1.5324695110321045:0.0:0.0
dwr-optimal/100/dwr_p05_hyp-2_full.tar.bz2:0.714911699295044:0.0:0.0
dwr-optimal/100/dwr_p05_hyp-3_full.tar.bz2:0.5832653045654297:0.0:0.0
dwr-optimal/100/dwr_p05_hyp-4_full.tar.bz2:0.6264853477478027:0.0:0.0
dwr-optimal/100/dwr_p02_hyp-1_full.tar.bz2:0.15619874000549316:0.0:0.0
dwr-optimal/100/dwr_p02_hyp-2_full.tar.bz2:0.1621854305267334:0.0:0.0
dwr-optimal/100/dwr_p02_hyp-3_full.tar.bz2:0.1610105037689209:0.0:0.0
dwr-optimal/100/dwr_p02_hyp-4_full.tar.bz2:0.15151524543762207:0.0:0.0
dwr-optimal/100/dwr_p04_hyp-1_full.tar.bz2:0.11099052429199219:0.0:0.0
dwr-optimal/100/dwr_p04_hyp-2_full.tar.bz2:0.18542242050170898:0.0:0.0
dwr-optimal/100/dwr_p04_hyp-3_full.tar.bz2:0.10665512084960938:0.0:0.0
dwr-optimal/100/dwr_p04_hyp-4_full.tar.bz2:0.10369634628295898:0.0:0.0
dwr-optimal/100/dwr_p05_hyp-1_full.tar.bz2:1.6484150886535645:0.0:0.0
dwr-optimal/100/dwr_p05_hyp-2_full.tar.bz2:1.381927728652954:0.0:0.0
dwr-optimal/100/dwr_p05_hyp-3_full.tar.bz2:1.026745319366455:0.0:0.0
dwr-optimal/100/dwr_p05_hyp-4_full.tar.bz2:0.8727679252624512:0.0:0.0
dwr-optimal/100/dwr_p02_hyp-1_full.tar.bz2:0.31682848930358887:0.0:0.0
dwr-optimal/100/dwr_p02_hyp-2_full.tar.bz2:0.23448634147644043:0.0:0.0
dwr-optimal/100/dwr_p02_hyp-3_full.tar.bz2:0.2390749454498291:0.0:0.0
dwr-optimal/100/dwr_p02_hyp-4_full.tar.bz2:0.2477715015411377:0.0:0.0
dwr-optimal/100/dwr_p04_hyp-1_full.tar.bz2:0.15138697624206543:0.0:0.0
dwr-optimal/100/dwr_p04_hyp-2_full.tar.bz2:0.18027520179748535:0.0:0.0
dwr-optimal/100/dwr_p04_hyp-3_full.tar.bz2:0.25267744064331055:0.0:0.0
dwr-optimal/100/dwr_p04_hyp-4_full.tar.bz2:0.18807291984558105:0.0:0.0
dwr-optimal/100/dwr_p05_hyp-1_full.tar.bz2:2.697765827178955:0.0:0.0
dwr-optimal/100/dwr_p05_hyp-2_full.tar.bz2:2.4065730571746826:0.0:0.0
dwr-optimal/100/dwr_p05_hyp-3_full.tar.bz2:1.8106110095977783:0.0:0.0
dwr-optimal/100/dwr_p05_hyp-4_full.tar.bz2:1.6392252445220947:0.0:0.0
dwr-optimal/100/dwr_p02_hyp-1_full.tar.bz2:0.49318838119506836:0.0:0.0
dwr-optimal/100/dwr_p02_hyp-2_full.tar.bz2:0.44975972175598145:0.0:0.0
dwr-optimal/100/dwr_p02_hyp-3_full.tar.bz2:0.6617429256439209:0.0:0.0
dwr-optimal/100/dwr_p02_hyp-4_full.tar.bz2:0.4324769973754883:0.0:0.0
dwr-optimal/100/dwr_p04_hyp-1_full.tar.bz2:0.2668437957763672:0.0:0.0
dwr-optimal/100/dwr_p04_hyp-2_full.tar.bz2:0.32488512992858887:0.0:0.0
dwr-optimal/100/dwr_p04_hyp-3_full.tar.bz2:0.3838491439819336:0.0:0.0
dwr-optimal/100/dwr_p04_hyp-4_full.tar.bz2:0.32241272926330566:0.0:0.0
dwr-optimal/100/dwr_p05_hyp-1_full.tar.bz2:5.259758234024048:0.0:0.0
dwr-optimal/100/dwr_p05_hyp-2_full.tar.bz2:5.907925605773926:0.0:0.0
dwr-optimal/100/dwr_p05_hyp-3_full.tar.bz2:4.116825103759766:0.0:0.0
dwr-optimal/100/dwr_p05_hyp-4_full.tar.bz2:3.0977180004119873:0.0:0.0
