dwr-optimal/100/dwr_p02_hyp-1_full.tar.bz2:7.773522138595581:0.0:0.0
dwr-optimal/100/dwr_p02_hyp-2_full.tar.bz2:9.263620138168335:0.0:0.0
dwr-optimal/100/dwr_p02_hyp-3_full.tar.bz2:7.325603246688843:0.0:0.0
dwr-optimal/100/dwr_p02_hyp-4_full.tar.bz2:9.000173807144165:0.0:0.0
dwr-optimal/100/dwr_p04_hyp-1_full.tar.bz2:8.877792835235596:0.0:0.0
dwr-optimal/100/dwr_p04_hyp-2_full.tar.bz2:11.448373079299927:0.0:0.0
dwr-optimal/100/dwr_p04_hyp-3_full.tar.bz2:10.004343271255493:0.0:0.0
dwr-optimal/100/dwr_p04_hyp-4_full.tar.bz2:10.694872379302979:0.0:0.0
dwr-optimal/100/dwr_p05_hyp-1_full.tar.bz2:25.96341109275818:0.0:0.0
dwr-optimal/100/dwr_p05_hyp-2_full.tar.bz2:24.258805990219116:0.0:0.0
dwr-optimal/100/dwr_p05_hyp-3_full.tar.bz2:21.67486310005188:0.0:0.0
dwr-optimal/100/dwr_p05_hyp-4_full.tar.bz2:19.937310934066772:0.0:0.0
dwr-optimal/100/dwr_p02_hyp-1_full.tar.bz2:8.638804912567139:0.0:0.0
dwr-optimal/100/dwr_p02_hyp-2_full.tar.bz2:11.437050104141235:0.0:0.0
dwr-optimal/100/dwr_p02_hyp-3_full.tar.bz2:8.46315860748291:0.0:0.0
dwr-optimal/100/dwr_p02_hyp-4_full.tar.bz2:11.37980055809021:0.0:0.0
dwr-optimal/100/dwr_p04_hyp-1_full.tar.bz2:12.540661096572876:0.0:0.0
dwr-optimal/100/dwr_p04_hyp-2_full.tar.bz2:13.077914953231812:0.0:0.0
dwr-optimal/100/dwr_p04_hyp-3_full.tar.bz2:12.838669061660767:0.0:0.0
dwr-optimal/100/dwr_p04_hyp-4_full.tar.bz2:12.550291061401367:0.0:0.0
dwr-optimal/100/dwr_p05_hyp-1_full.tar.bz2:38.587133169174194:0.0:0.0
dwr-optimal/100/dwr_p05_hyp-2_full.tar.bz2:36.807103395462036:0.0:0.0
dwr-optimal/100/dwr_p05_hyp-3_full.tar.bz2:32.75028872489929:0.0:0.0
dwr-optimal/100/dwr_p05_hyp-4_full.tar.bz2:29.231687784194946:0.0:0.0
dwr-optimal/100/dwr_p02_hyp-1_full.tar.bz2:10.198647737503052:0.0:0.0
dwr-optimal/100/dwr_p02_hyp-2_full.tar.bz2:15.019989728927612:0.0:0.0
dwr-optimal/100/dwr_p02_hyp-3_full.tar.bz2:11.804959774017334:0.0:0.0
dwr-optimal/100/dwr_p02_hyp-4_full.tar.bz2:14.250395059585571:0.0:0.0
dwr-optimal/100/dwr_p04_hyp-1_full.tar.bz2:15.22058653831482:0.0:0.0
dwr-optimal/100/dwr_p04_hyp-2_full.tar.bz2:15.160448789596558:0.0:0.0
dwr-optimal/100/dwr_p04_hyp-3_full.tar.bz2:16.57181477546692:0.0:0.0
dwr-optimal/100/dwr_p04_hyp-4_full.tar.bz2:16.481252670288086:0.0:0.0
dwr-optimal/100/dwr_p05_hyp-1_full.tar.bz2:51.74922156333923:0.0:0.0
dwr-optimal/100/dwr_p05_hyp-2_full.tar.bz2:50.21105933189392:0.0:0.0
dwr-optimal/100/dwr_p05_hyp-3_full.tar.bz2:44.70060753822327:0.0:0.0
dwr-optimal/100/dwr_p05_hyp-4_full.tar.bz2:37.88942217826843:0.0:0.0
dwr-optimal/100/dwr_p02_hyp-1_full.tar.bz2:12.902801990509033:0.0:0.0
dwr-optimal/100/dwr_p02_hyp-2_full.tar.bz2:17.357715129852295:0.0:0.0
dwr-optimal/100/dwr_p02_hyp-3_full.tar.bz2:12.870462656021118:0.0:0.0
dwr-optimal/100/dwr_p02_hyp-4_full.tar.bz2:16.865583419799805:0.0:0.0
dwr-optimal/100/dwr_p04_hyp-1_full.tar.bz2:17.966745615005493:0.0:0.0
dwr-optimal/100/dwr_p04_hyp-2_full.tar.bz2:17.844609260559082:0.0:0.0
dwr-optimal/100/dwr_p04_hyp-3_full.tar.bz2:19.96869707107544:0.0:0.0
dwr-optimal/100/dwr_p04_hyp-4_full.tar.bz2:19.746790885925293:0.0:0.0
dwr-optimal/100/dwr_p05_hyp-1_full.tar.bz2:79.11693525314331:0.0:0.0
dwr-optimal/100/dwr_p05_hyp-2_full.tar.bz2:70.86839365959167:0.0:0.0
dwr-optimal/100/dwr_p05_hyp-3_full.tar.bz2:60.79256892204285:0.0:0.0
dwr-optimal/100/dwr_p05_hyp-4_full.tar.bz2:50.44099450111389:0.0:0.0
