dwr-optimal/100/dwr_p02_hyp-1_full.tar.bz2:17.935819149017334:0.0:0.0
dwr-optimal/100/dwr_p02_hyp-2_full.tar.bz2:15.172092199325562:0.0:0.0
dwr-optimal/100/dwr_p02_hyp-3_full.tar.bz2:15.058439254760742:0.0:0.0
dwr-optimal/100/dwr_p02_hyp-4_full.tar.bz2:16.590547561645508:0.0:0.0
dwr-optimal/100/dwr_p04_hyp-1_full.tar.bz2:12.276243209838867:0.0:0.0
dwr-optimal/100/dwr_p04_hyp-2_full.tar.bz2:13.61056923866272:0.0:0.0
dwr-optimal/100/dwr_p04_hyp-3_full.tar.bz2:12.212705373764038:0.0:0.0
dwr-optimal/100/dwr_p04_hyp-4_full.tar.bz2:12.519841194152832:0.0:0.0
dwr-optimal/100/dwr_p05_hyp-1_full.tar.bz2:114.32930707931519:0.0:0.0
dwr-optimal/100/dwr_p05_hyp-2_full.tar.bz2:101.8006432056427:0.0:0.0
dwr-optimal/100/dwr_p05_hyp-3_full.tar.bz2:86.24379515647888:0.0:0.0
dwr-optimal/100/dwr_p05_hyp-4_full.tar.bz2:79.71380472183228:0.0:0.0
dwr-optimal/100/dwr_p02_hyp-1_full.tar.bz2:16.401108264923096:0.0:0.0
dwr-optimal/100/dwr_p02_hyp-2_full.tar.bz2:17.39979386329651:0.0:0.0
dwr-optimal/100/dwr_p02_hyp-3_full.tar.bz2:15.803060293197632:0.0:0.0
dwr-optimal/100/dwr_p02_hyp-4_full.tar.bz2:17.185726165771484:0.0:0.0
dwr-optimal/100/dwr_p04_hyp-1_full.tar.bz2:13.167644739151001:0.0:0.0
dwr-optimal/100/dwr_p04_hyp-2_full.tar.bz2:13.038711071014404:0.0:0.0
dwr-optimal/100/dwr_p04_hyp-3_full.tar.bz2:14.175503730773926:0.0:0.0
dwr-optimal/100/dwr_p04_hyp-4_full.tar.bz2:13.067728996276855:0.0:0.0
dwr-optimal/100/dwr_p05_hyp-1_full.tar.bz2:230.8290023803711:0.0:0.0
dwr-optimal/100/dwr_p05_hyp-2_full.tar.bz2:212.0178563594818:0.0:0.0
dwr-optimal/100/dwr_p05_hyp-3_full.tar.bz2:172.7963571548462:0.0:0.0
dwr-optimal/100/dwr_p05_hyp-4_full.tar.bz2:159.77405071258545:0.0:0.0
dwr-optimal/100/dwr_p02_hyp-1_full.tar.bz2:19.139490127563477:0.0:0.0
dwr-optimal/100/dwr_p02_hyp-2_full.tar.bz2:15.801123857498169:0.0:0.0
dwr-optimal/100/dwr_p02_hyp-3_full.tar.bz2:17.29991912841797:0.0:0.0
dwr-optimal/100/dwr_p02_hyp-4_full.tar.bz2:17.28128719329834:0.0:0.0
dwr-optimal/100/dwr_p04_hyp-1_full.tar.bz2:23.90476131439209:0.0:0.0
dwr-optimal/100/dwr_p04_hyp-2_full.tar.bz2:20.881734132766724:0.0:0.0
dwr-optimal/100/dwr_p04_hyp-3_full.tar.bz2:22.03487205505371:0.0:0.0
dwr-optimal/100/dwr_p04_hyp-4_full.tar.bz2:16.71073627471924:0.0:0.0
dwr-optimal/100/dwr_p05_hyp-1_full.tar.bz2:330.1693663597107:0.0:0.0
dwr-optimal/100/dwr_p05_hyp-2_full.tar.bz2:345.768292427063:0.0:0.0
dwr-optimal/100/dwr_p05_hyp-3_full.tar.bz2:262.56071877479553:0.0:0.0
dwr-optimal/100/dwr_p05_hyp-4_full.tar.bz2:226.80942964553833:0.0:0.0
dwr-optimal/100/dwr_p02_hyp-1_full.tar.bz2:21.59367561340332:0.0:0.0
dwr-optimal/100/dwr_p02_hyp-2_full.tar.bz2:20.950876474380493:0.0:0.0
dwr-optimal/100/dwr_p02_hyp-3_full.tar.bz2:19.29930305480957:0.0:0.0
dwr-optimal/100/dwr_p02_hyp-4_full.tar.bz2:19.11129641532898:0.0:0.0
dwr-optimal/100/dwr_p04_hyp-1_full.tar.bz2:13.93057131767273:0.0:0.0
dwr-optimal/100/dwr_p04_hyp-2_full.tar.bz2:16.33380961418152:0.0:0.0
dwr-optimal/100/dwr_p04_hyp-3_full.tar.bz2:16.122645378112793:0.0:0.0
dwr-optimal/100/dwr_p04_hyp-4_full.tar.bz2:17.215322971343994:0.0:0.0
dwr-optimal/100/dwr_p05_hyp-1_full.tar.bz2:454.9824893474579:0.0:0.0
dwr-optimal/100/dwr_p05_hyp-2_full.tar.bz2:421.42821073532104:0.0:0.0
dwr-optimal/100/dwr_p05_hyp-3_full.tar.bz2:375.3918492794037:0.0:0.0
dwr-optimal/100/dwr_p05_hyp-4_full.tar.bz2:335.1862907409668:0.0:0.0
