dwr-optimal/100/dwr_p02_hyp-1_full.tar.bz2:5.220221519470215:0.0:0.0
dwr-optimal/100/dwr_p02_hyp-2_full.tar.bz2:4.973285913467407:0.0:0.0
dwr-optimal/100/dwr_p02_hyp-3_full.tar.bz2:6.3879523277282715:0.0:0.0
dwr-optimal/100/dwr_p02_hyp-4_full.tar.bz2:4.905727386474609:0.0:0.0
dwr-optimal/100/dwr_p04_hyp-1_full.tar.bz2:4.13508939743042:0.0:0.0
dwr-optimal/100/dwr_p04_hyp-2_full.tar.bz2:4.201378345489502:0.0:0.0
dwr-optimal/100/dwr_p04_hyp-3_full.tar.bz2:4.1642165184021:0.0:0.0
dwr-optimal/100/dwr_p04_hyp-4_full.tar.bz2:4.121795177459717:0.0:0.0
dwr-optimal/100/dwr_p05_hyp-1_full.tar.bz2:9.787336349487305:0.0:0.0
dwr-optimal/100/dwr_p05_hyp-2_full.tar.bz2:9.417236566543579:0.0:0.0
dwr-optimal/100/dwr_p05_hyp-3_full.tar.bz2:10.65917706489563:0.0:0.0
dwr-optimal/100/dwr_p05_hyp-4_full.tar.bz2:10.708479404449463:0.0:0.0
dwr-optimal/100/dwr_p02_hyp-1_full.tar.bz2:6.5885186195373535:0.0:0.0
dwr-optimal/100/dwr_p02_hyp-2_full.tar.bz2:6.509814262390137:0.0:0.0
dwr-optimal/100/dwr_p02_hyp-3_full.tar.bz2:5.042841672897339:0.0:0.0
dwr-optimal/100/dwr_p02_hyp-4_full.tar.bz2:5.31265926361084:0.0:0.0
dwr-optimal/100/dwr_p04_hyp-1_full.tar.bz2:4.142464637756348:0.0:0.0
dwr-optimal/100/dwr_p04_hyp-2_full.tar.bz2:5.1847875118255615:0.0:0.0
dwr-optimal/100/dwr_p04_hyp-3_full.tar.bz2:4.593365907669067:0.0:0.0
dwr-optimal/100/dwr_p04_hyp-4_full.tar.bz2:4.405715465545654:0.0:0.0
dwr-optimal/100/dwr_p05_hyp-1_full.tar.bz2:8.418972730636597:0.0:0.0
dwr-optimal/100/dwr_p05_hyp-2_full.tar.bz2:8.957725048065186:0.0:0.0
dwr-optimal/100/dwr_p05_hyp-3_full.tar.bz2:10.667052507400513:0.0:0.0
dwr-optimal/100/dwr_p05_hyp-4_full.tar.bz2:9.024677515029907:0.0:0.0
dwr-optimal/100/dwr_p02_hyp-1_full.tar.bz2:4.683007001876831:0.0:0.0
dwr-optimal/100/dwr_p02_hyp-2_full.tar.bz2:4.7571587562561035:0.0:0.0
dwr-optimal/100/dwr_p02_hyp-3_full.tar.bz2:4.690692901611328:0.0:0.0
dwr-optimal/100/dwr_p02_hyp-4_full.tar.bz2:4.740672826766968:0.0:0.0
dwr-optimal/100/dwr_p04_hyp-1_full.tar.bz2:4.840344429016113:0.0:0.0
dwr-optimal/100/dwr_p04_hyp-2_full.tar.bz2:3.879967212677002:0.0:0.0
dwr-optimal/100/dwr_p04_hyp-3_full.tar.bz2:3.918367862701416:0.0:0.0
dwr-optimal/100/dwr_p04_hyp-4_full.tar.bz2:3.922558069229126:0.0:0.0
dwr-optimal/100/dwr_p05_hyp-1_full.tar.bz2:8.518962383270264:0.0:0.0
dwr-optimal/100/dwr_p05_hyp-2_full.tar.bz2:9.299957036972046:0.0:0.0
dwr-optimal/100/dwr_p05_hyp-3_full.tar.bz2:8.34478497505188:0.0:0.0
dwr-optimal/100/dwr_p05_hyp-4_full.tar.bz2:8.639384269714355:0.0:0.0
dwr-optimal/100/dwr_p02_hyp-1_full.tar.bz2:4.620326519012451:0.0:0.0
dwr-optimal/100/dwr_p02_hyp-2_full.tar.bz2:4.758078098297119:0.0:0.0
dwr-optimal/100/dwr_p02_hyp-3_full.tar.bz2:4.781328916549683:0.0:0.0
dwr-optimal/100/dwr_p02_hyp-4_full.tar.bz2:5.4420552253723145:0.0:0.0
dwr-optimal/100/dwr_p04_hyp-1_full.tar.bz2:3.9609851837158203:0.0:0.0
dwr-optimal/100/dwr_p04_hyp-2_full.tar.bz2:3.964695692062378:0.0:0.0
dwr-optimal/100/dwr_p04_hyp-3_full.tar.bz2:3.8969783782958984:0.0:0.0
dwr-optimal/100/dwr_p04_hyp-4_full.tar.bz2:3.915822982788086:0.0:0.0
dwr-optimal/100/dwr_p05_hyp-1_full.tar.bz2:8.496899604797363:0.0:0.0
dwr-optimal/100/dwr_p05_hyp-2_full.tar.bz2:9.223586320877075:0.0:0.0
dwr-optimal/100/dwr_p05_hyp-3_full.tar.bz2:8.32204008102417:0.0:0.0
dwr-optimal/100/dwr_p05_hyp-4_full.tar.bz2:8.273173093795776:0.0:0.0
