ferry-optimal/100/ferry_p00_hyp-1_full.tar.bz2:2.8182897567749023:0.0:0.0
ferry-optimal/100/ferry_p00_hyp-2_full.tar.bz2:2.754998207092285:0.0:0.0
ferry-optimal/100/ferry_p00_hyp-3_full.tar.bz2:2.850217819213867:0.0:0.0
ferry-optimal/100/ferry_p00_hyp-4_full.tar.bz2:3.0138051509857178:0.0:0.0
ferry-optimal/100/ferry_p02_hyp-1_full.tar.bz2:5.3237597942352295:0.0:0.0
ferry-optimal/100/ferry_p02_hyp-2_full.tar.bz2:5.172003269195557:0.0:0.0
ferry-optimal/100/ferry_p02_hyp-3_full.tar.bz2:5.980121374130249:0.0:0.0
ferry-optimal/100/ferry_p02_hyp-4_full.tar.bz2:5.04995059967041:0.0:0.0
ferry-optimal/100/ferry_p03_hyp-1_full.tar.bz2:2.160684108734131:0.0:0.0
ferry-optimal/100/ferry_p03_hyp-2_full.tar.bz2:2.1455295085906982:0.0:0.0
ferry-optimal/100/ferry_p03_hyp-3_full.tar.bz2:2.4491138458251953:0.0:0.0
ferry-optimal/100/ferry_p03_hyp-4_full.tar.bz2:2.308551073074341:0.0:0.0
ferry-optimal/100/ferry_p00_hyp-1_full.tar.bz2:2.7309839725494385:0.0:0.0
ferry-optimal/100/ferry_p00_hyp-2_full.tar.bz2:2.8223836421966553:0.0:0.0
ferry-optimal/100/ferry_p00_hyp-3_full.tar.bz2:2.7980644702911377:0.0:0.0
ferry-optimal/100/ferry_p00_hyp-4_full.tar.bz2:2.766571521759033:0.0:0.0
ferry-optimal/100/ferry_p02_hyp-1_full.tar.bz2:5.983990907669067:0.0:0.0
ferry-optimal/100/ferry_p02_hyp-2_full.tar.bz2:5.233221530914307:0.0:0.0
ferry-optimal/100/ferry_p02_hyp-3_full.tar.bz2:4.766580820083618:0.0:0.0
ferry-optimal/100/ferry_p02_hyp-4_full.tar.bz2:5.08368992805481:0.0:0.0
ferry-optimal/100/ferry_p03_hyp-1_full.tar.bz2:2.291513204574585:0.0:0.0
ferry-optimal/100/ferry_p03_hyp-2_full.tar.bz2:2.3084216117858887:0.0:0.0
ferry-optimal/100/ferry_p03_hyp-3_full.tar.bz2:2.3123154640197754:0.0:0.0
ferry-optimal/100/ferry_p03_hyp-4_full.tar.bz2:2.3545114994049072:0.0:0.0
ferry-optimal/100/ferry_p00_hyp-1_full.tar.bz2:2.8205113410949707:0.0:0.0
ferry-optimal/100/ferry_p00_hyp-2_full.tar.bz2:2.779191493988037:0.0:0.0
ferry-optimal/100/ferry_p00_hyp-3_full.tar.bz2:2.738784074783325:0.0:0.0
ferry-optimal/100/ferry_p00_hyp-4_full.tar.bz2:2.788712739944458:0.0:0.0
ferry-optimal/100/ferry_p02_hyp-1_full.tar.bz2:5.036672353744507:0.0:0.0
ferry-optimal/100/ferry_p02_hyp-2_full.tar.bz2:5.016751766204834:0.0:0.0
ferry-optimal/100/ferry_p02_hyp-3_full.tar.bz2:5.127467393875122:0.0:0.0
ferry-optimal/100/ferry_p02_hyp-4_full.tar.bz2:5.154593467712402:0.0:0.0
ferry-optimal/100/ferry_p03_hyp-1_full.tar.bz2:2.3183910846710205:0.0:0.0
ferry-optimal/100/ferry_p03_hyp-2_full.tar.bz2:2.303767442703247:0.0:0.0
ferry-optimal/100/ferry_p03_hyp-3_full.tar.bz2:3.183657646179199:0.0:0.0
ferry-optimal/100/ferry_p03_hyp-4_full.tar.bz2:2.3482117652893066:0.0:0.0
ferry-optimal/100/ferry_p00_hyp-1_full.tar.bz2:2.751905679702759:0.0:0.0
ferry-optimal/100/ferry_p00_hyp-2_full.tar.bz2:2.7080414295196533:0.0:0.0
ferry-optimal/100/ferry_p00_hyp-3_full.tar.bz2:2.5780489444732666:0.0:0.0
ferry-optimal/100/ferry_p00_hyp-4_full.tar.bz2:2.736753225326538:0.0:0.0
ferry-optimal/100/ferry_p02_hyp-1_full.tar.bz2:5.172171592712402:0.0:0.0
ferry-optimal/100/ferry_p02_hyp-2_full.tar.bz2:5.105318069458008:0.0:0.0
ferry-optimal/100/ferry_p02_hyp-3_full.tar.bz2:5.1528098583221436:0.0:0.0
ferry-optimal/100/ferry_p02_hyp-4_full.tar.bz2:6.022482395172119:0.0:0.0
ferry-optimal/100/ferry_p03_hyp-1_full.tar.bz2:2.3828539848327637:0.0:0.0
ferry-optimal/100/ferry_p03_hyp-2_full.tar.bz2:2.3260180950164795:0.0:0.0
ferry-optimal/100/ferry_p03_hyp-3_full.tar.bz2:2.1984496116638184:0.0:0.0
ferry-optimal/100/ferry_p03_hyp-4_full.tar.bz2:2.126307487487793:0.0:0.0
