ferry-optimal/100/ferry_p00_hyp-1_full.tar.bz2:0.41552281379699707:0.0:0.0
ferry-optimal/100/ferry_p00_hyp-2_full.tar.bz2:0.07625174522399902:0.0:0.0
ferry-optimal/100/ferry_p00_hyp-3_full.tar.bz2:0.06475305557250977:0.0:0.0
ferry-optimal/100/ferry_p00_hyp-4_full.tar.bz2:0.06891655921936035:0.0:0.0
ferry-optimal/100/ferry_p02_hyp-1_full.tar.bz2:0.2869110107421875:0.0:0.0
ferry-optimal/100/ferry_p02_hyp-2_full.tar.bz2:0.1407017707824707:0.0:0.0
ferry-optimal/100/ferry_p02_hyp-3_full.tar.bz2:0.10992097854614258:0.0:0.0
ferry-optimal/100/ferry_p02_hyp-4_full.tar.bz2:0.17836833000183105:0.0:0.0
ferry-optimal/100/ferry_p03_hyp-1_full.tar.bz2:0.0773472785949707:0.0:0.0
ferry-optimal/100/ferry_p03_hyp-2_full.tar.bz2:0.07445669174194336:0.0:0.0
ferry-optimal/100/ferry_p03_hyp-3_full.tar.bz2:0.07633113861083984:0.0:0.0
ferry-optimal/100/ferry_p03_hyp-4_full.tar.bz2:0.14000725746154785:0.0:0.0
ferry-optimal/100/ferry_p00_hyp-1_full.tar.bz2:0.13539409637451172:0.0:0.0
ferry-optimal/100/ferry_p00_hyp-2_full.tar.bz2:0.10678410530090332:0.0:0.0
ferry-optimal/100/ferry_p00_hyp-3_full.tar.bz2:0.07159590721130371:0.0:0.0
ferry-optimal/100/ferry_p00_hyp-4_full.tar.bz2:0.21366381645202637:0.0:0.0
ferry-optimal/100/ferry_p02_hyp-1_full.tar.bz2:0.2921488285064697:0.0:0.0
ferry-optimal/100/ferry_p02_hyp-2_full.tar.bz2:0.3305649757385254:0.0:0.0
ferry-optimal/100/ferry_p02_hyp-3_full.tar.bz2:0.3433516025543213:0.0:0.0
ferry-optimal/100/ferry_p02_hyp-4_full.tar.bz2:0.347337007522583:0.0:0.0
ferry-optimal/100/ferry_p03_hyp-1_full.tar.bz2:0.19396376609802246:0.0:0.0
ferry-optimal/100/ferry_p03_hyp-2_full.tar.bz2:0.19974660873413086:0.0:0.0
ferry-optimal/100/ferry_p03_hyp-3_full.tar.bz2:0.37168192863464355:0.0:0.0
ferry-optimal/100/ferry_p03_hyp-4_full.tar.bz2:0.19499731063842773:0.0:0.0
ferry-optimal/100/ferry_p00_hyp-1_full.tar.bz2:0.4359259605407715:0.0:0.0
ferry-optimal/100/ferry_p00_hyp-2_full.tar.bz2:0.18008637428283691:0.0:0.0
ferry-optimal/100/ferry_p00_hyp-3_full.tar.bz2:0.29657649993896484:0.0:0.0
ferry-optimal/100/ferry_p00_hyp-4_full.tar.bz2:0.2538433074951172:0.0:0.0
ferry-optimal/100/ferry_p02_hyp-1_full.tar.bz2:0.565171480178833:0.0:0.0
ferry-optimal/100/ferry_p02_hyp-2_full.tar.bz2:0.5640201568603516:0.0:0.0
ferry-optimal/100/ferry_p02_hyp-3_full.tar.bz2:0.591827392578125:0.0:0.0
ferry-optimal/100/ferry_p02_hyp-4_full.tar.bz2:0.6082818508148193:0.0:0.0
ferry-optimal/100/ferry_p03_hyp-1_full.tar.bz2:0.3905003070831299:0.0:0.0
ferry-optimal/100/ferry_p03_hyp-2_full.tar.bz2:0.3829472064971924:0.0:0.0
ferry-optimal/100/ferry_p03_hyp-3_full.tar.bz2:0.39168572425842285:0.0:0.0
ferry-optimal/100/ferry_p03_hyp-4_full.tar.bz2:0.41486406326293945:0.0:0.0
ferry-optimal/100/ferry_p00_hyp-1_full.tar.bz2:0.5539369583129883:0.0:0.0
ferry-optimal/100/ferry_p00_hyp-2_full.tar.bz2:0.38540172576904297:0.0:0.0
ferry-optimal/100/ferry_p00_hyp-3_full.tar.bz2:0.32843899726867676:0.0:0.0
ferry-optimal/100/ferry_p00_hyp-4_full.tar.bz2:0.6147680282592773:0.0:0.0
ferry-optimal/100/ferry_p02_hyp-1_full.tar.bz2:0.9483466148376465:0.0:0.0
ferry-optimal/100/ferry_p02_hyp-2_full.tar.bz2:1.1831097602844238:0.0:0.0
ferry-optimal/100/ferry_p02_hyp-3_full.tar.bz2:1.1797130107879639:0.0:0.0
ferry-optimal/100/ferry_p02_hyp-4_full.tar.bz2:1.2160310745239258:0.0:0.0
ferry-optimal/100/ferry_p03_hyp-1_full.tar.bz2:0.8416855335235596:0.0:0.0
ferry-optimal/100/ferry_p03_hyp-2_full.tar.bz2:0.7624382972717285:0.0:0.0
ferry-optimal/100/ferry_p03_hyp-3_full.tar.bz2:0.8345060348510742:0.0:0.0
ferry-optimal/100/ferry_p03_hyp-4_full.tar.bz2:0.8411030769348145:0.0:0.0
