ferry-optimal/100/ferry_p00_hyp-1_full.tar.bz2:5.784220933914185:0.0:0.0
ferry-optimal/100/ferry_p00_hyp-2_full.tar.bz2:4.926324129104614:0.0:0.0
ferry-optimal/100/ferry_p00_hyp-3_full.tar.bz2:5.732507705688477:0.0:0.0
ferry-optimal/100/ferry_p00_hyp-4_full.tar.bz2:6.602479934692383:0.0:0.0
ferry-optimal/100/ferry_p02_hyp-1_full.tar.bz2:9.126211404800415:0.0:0.0
ferry-optimal/100/ferry_p02_hyp-2_full.tar.bz2:9.697811841964722:0.0:0.0
ferry-optimal/100/ferry_p02_hyp-3_full.tar.bz2:9.39604902267456:0.0:0.0
ferry-optimal/100/ferry_p02_hyp-4_full.tar.bz2:10.103005409240723:0.0:0.0
ferry-optimal/100/ferry_p03_hyp-1_full.tar.bz2:14.083611965179443:0.0:0.0
ferry-optimal/100/ferry_p03_hyp-2_full.tar.bz2:14.279698610305786:0.0:0.0
ferry-optimal/100/ferry_p03_hyp-3_full.tar.bz2:8.274304389953613:0.0:0.0
ferry-optimal/100/ferry_p03_hyp-4_full.tar.bz2:14.58872675895691:0.0:0.0
ferry-optimal/100/ferry_p00_hyp-1_full.tar.bz2:7.193042993545532:0.0:0.0
ferry-optimal/100/ferry_p00_hyp-2_full.tar.bz2:7.014085531234741:0.0:0.0
ferry-optimal/100/ferry_p00_hyp-3_full.tar.bz2:7.098005771636963:0.0:0.0
ferry-optimal/100/ferry_p00_hyp-4_full.tar.bz2:9.774601221084595:0.0:0.0
ferry-optimal/100/ferry_p02_hyp-1_full.tar.bz2:11.427104711532593:0.0:0.0
ferry-optimal/100/ferry_p02_hyp-2_full.tar.bz2:12.101773262023926:0.0:0.0
ferry-optimal/100/ferry_p02_hyp-3_full.tar.bz2:12.246635913848877:0.0:0.0
ferry-optimal/100/ferry_p02_hyp-4_full.tar.bz2:12.870704174041748:0.0:0.0
ferry-optimal/100/ferry_p03_hyp-1_full.tar.bz2:18.274957180023193:0.0:0.0
ferry-optimal/100/ferry_p03_hyp-2_full.tar.bz2:18.899513721466064:0.0:0.0
ferry-optimal/100/ferry_p03_hyp-3_full.tar.bz2:10.312909841537476:0.0:0.0
ferry-optimal/100/ferry_p03_hyp-4_full.tar.bz2:19.15268564224243:0.0:0.0
ferry-optimal/100/ferry_p00_hyp-1_full.tar.bz2:9.143322467803955:0.0:0.0
ferry-optimal/100/ferry_p00_hyp-2_full.tar.bz2:8.76190733909607:0.0:0.0
ferry-optimal/100/ferry_p00_hyp-3_full.tar.bz2:8.5817711353302:0.0:0.0
ferry-optimal/100/ferry_p00_hyp-4_full.tar.bz2:10.339712142944336:0.0:0.0
ferry-optimal/100/ferry_p02_hyp-1_full.tar.bz2:13.671879768371582:0.0:0.0
ferry-optimal/100/ferry_p02_hyp-2_full.tar.bz2:14.711646318435669:0.0:0.0
ferry-optimal/100/ferry_p02_hyp-3_full.tar.bz2:15.556314468383789:0.0:0.0
ferry-optimal/100/ferry_p02_hyp-4_full.tar.bz2:16.141024351119995:0.0:0.0
ferry-optimal/100/ferry_p03_hyp-1_full.tar.bz2:20.58920907974243:0.0:0.0
ferry-optimal/100/ferry_p03_hyp-2_full.tar.bz2:22.71440863609314:0.0:0.0
ferry-optimal/100/ferry_p03_hyp-3_full.tar.bz2:12.222773551940918:0.0:0.0
ferry-optimal/100/ferry_p03_hyp-4_full.tar.bz2:22.990490674972534:0.0:0.0
ferry-optimal/100/ferry_p00_hyp-1_full.tar.bz2:11.604084491729736:0.0:0.0
ferry-optimal/100/ferry_p00_hyp-2_full.tar.bz2:11.067188739776611:0.0:0.0
ferry-optimal/100/ferry_p00_hyp-3_full.tar.bz2:10.542808055877686:0.0:0.0
ferry-optimal/100/ferry_p00_hyp-4_full.tar.bz2:12.907325506210327:0.0:0.0
ferry-optimal/100/ferry_p02_hyp-1_full.tar.bz2:17.638102769851685:0.0:0.0
ferry-optimal/100/ferry_p02_hyp-2_full.tar.bz2:19.105472326278687:0.0:0.0
ferry-optimal/100/ferry_p02_hyp-3_full.tar.bz2:20.2468159198761:0.0:0.0
ferry-optimal/100/ferry_p02_hyp-4_full.tar.bz2:20.398569583892822:0.0:0.0
ferry-optimal/100/ferry_p03_hyp-1_full.tar.bz2:23.610975980758667:0.0:0.0
ferry-optimal/100/ferry_p03_hyp-2_full.tar.bz2:29.55721664428711:0.0:0.0
ferry-optimal/100/ferry_p03_hyp-3_full.tar.bz2:15.240320920944214:0.0:0.0
ferry-optimal/100/ferry_p03_hyp-4_full.tar.bz2:28.32033371925354:0.0:0.0
