ferry-optimal/100/ferry_p00_hyp-1_full.tar.bz2:20.285415410995483:0.0:0.0
ferry-optimal/100/ferry_p00_hyp-2_full.tar.bz2:14.611509561538696:0.0:0.0
ferry-optimal/100/ferry_p00_hyp-3_full.tar.bz2:17.321075916290283:0.0:0.0
ferry-optimal/100/ferry_p00_hyp-4_full.tar.bz2:17.31478762626648:0.0:0.0
ferry-optimal/100/ferry_p02_hyp-1_full.tar.bz2:45.23225140571594:0.0:0.0
ferry-optimal/100/ferry_p02_hyp-2_full.tar.bz2:40.518208503723145:0.0:0.0
ferry-optimal/100/ferry_p02_hyp-3_full.tar.bz2:48.35269737243652:0.0:0.0
ferry-optimal/100/ferry_p02_hyp-4_full.tar.bz2:40.46931052207947:0.0:0.0
ferry-optimal/100/ferry_p03_hyp-1_full.tar.bz2:17.24967670440674:0.0:0.0
ferry-optimal/100/ferry_p03_hyp-2_full.tar.bz2:19.354905605316162:0.0:0.0
ferry-optimal/100/ferry_p03_hyp-3_full.tar.bz2:19.68108034133911:0.0:0.0
ferry-optimal/100/ferry_p03_hyp-4_full.tar.bz2:16.879804611206055:0.0:0.0
ferry-optimal/100/ferry_p00_hyp-1_full.tar.bz2:31.580738306045532:0.0:0.0
ferry-optimal/100/ferry_p00_hyp-2_full.tar.bz2:29.081294536590576:0.0:0.0
ferry-optimal/100/ferry_p00_hyp-3_full.tar.bz2:20.47415804862976:0.0:0.0
ferry-optimal/100/ferry_p00_hyp-4_full.tar.bz2:31.731359243392944:0.0:0.0
ferry-optimal/100/ferry_p02_hyp-1_full.tar.bz2:70.33053994178772:0.0:0.0
ferry-optimal/100/ferry_p02_hyp-2_full.tar.bz2:70.92862629890442:0.0:0.0
ferry-optimal/100/ferry_p02_hyp-3_full.tar.bz2:73.67462849617004:0.0:0.0
ferry-optimal/100/ferry_p02_hyp-4_full.tar.bz2:62.9218385219574:0.0:0.0
ferry-optimal/100/ferry_p03_hyp-1_full.tar.bz2:32.337632179260254:0.0:0.0
ferry-optimal/100/ferry_p03_hyp-2_full.tar.bz2:28.75482988357544:0.0:0.0
ferry-optimal/100/ferry_p03_hyp-3_full.tar.bz2:27.02945876121521:0.0:0.0
ferry-optimal/100/ferry_p03_hyp-4_full.tar.bz2:29.094987869262695:0.0:0.0
ferry-optimal/100/ferry_p00_hyp-1_full.tar.bz2:43.551371335983276:0.0:0.0
ferry-optimal/100/ferry_p00_hyp-2_full.tar.bz2:37.10434293746948:0.0:0.0
ferry-optimal/100/ferry_p00_hyp-3_full.tar.bz2:29.81742215156555:0.0:0.0
ferry-optimal/100/ferry_p00_hyp-4_full.tar.bz2:45.97661519050598:0.0:0.0
ferry-optimal/100/ferry_p02_hyp-1_full.tar.bz2:86.88729119300842:0.0:0.0
ferry-optimal/100/ferry_p02_hyp-2_full.tar.bz2:100.1753249168396:0.0:0.0
ferry-optimal/100/ferry_p02_hyp-3_full.tar.bz2:110.44949674606323:0.0:0.0
ferry-optimal/100/ferry_p02_hyp-4_full.tar.bz2:102.06912875175476:0.0:0.0
ferry-optimal/100/ferry_p03_hyp-1_full.tar.bz2:40.58309721946716:0.0:0.0
ferry-optimal/100/ferry_p03_hyp-2_full.tar.bz2:39.51134991645813:0.0:0.0
ferry-optimal/100/ferry_p03_hyp-3_full.tar.bz2:40.894261837005615:0.0:0.0
ferry-optimal/100/ferry_p03_hyp-4_full.tar.bz2:38.03956627845764:0.0:0.0
ferry-optimal/100/ferry_p00_hyp-1_full.tar.bz2:60.86226153373718:0.0:0.0
ferry-optimal/100/ferry_p00_hyp-2_full.tar.bz2:49.32834243774414:0.0:0.0
ferry-optimal/100/ferry_p00_hyp-3_full.tar.bz2:46.18601107597351:0.0:0.0
ferry-optimal/100/ferry_p00_hyp-4_full.tar.bz2:57.72055745124817:0.0:0.0
ferry-optimal/100/ferry_p02_hyp-1_full.tar.bz2:129.7074728012085:0.0:0.0
ferry-optimal/100/ferry_p02_hyp-2_full.tar.bz2:140.98069143295288:0.0:0.0
ferry-optimal/100/ferry_p02_hyp-3_full.tar.bz2:155.17663264274597:0.0:0.0
ferry-optimal/100/ferry_p02_hyp-4_full.tar.bz2:138.5063178539276:0.0:0.0
ferry-optimal/100/ferry_p03_hyp-1_full.tar.bz2:55.65732169151306:0.0:0.0
ferry-optimal/100/ferry_p03_hyp-2_full.tar.bz2:55.71614742279053:0.0:0.0
ferry-optimal/100/ferry_p03_hyp-3_full.tar.bz2:53.59880518913269:0.0:0.0
ferry-optimal/100/ferry_p03_hyp-4_full.tar.bz2:55.2562096118927:0.0:0.0
