ferry-optimal/100/ferry_p00_hyp-1_full.tar.bz2:6.1224822998046875:0.0:0.0
ferry-optimal/100/ferry_p00_hyp-2_full.tar.bz2:5.857912063598633:0.0:0.0
ferry-optimal/100/ferry_p00_hyp-3_full.tar.bz2:6.3844945430755615:0.0:0.0
ferry-optimal/100/ferry_p00_hyp-4_full.tar.bz2:5.97409200668335:0.0:0.0
ferry-optimal/100/ferry_p02_hyp-1_full.tar.bz2:13.696000576019287:0.0:0.0
ferry-optimal/100/ferry_p02_hyp-2_full.tar.bz2:11.463668584823608:0.0:0.0
ferry-optimal/100/ferry_p02_hyp-3_full.tar.bz2:11.66430377960205:0.0:0.0
ferry-optimal/100/ferry_p02_hyp-4_full.tar.bz2:11.466392278671265:0.0:0.0
ferry-optimal/100/ferry_p03_hyp-1_full.tar.bz2:5.328659534454346:0.0:0.0
ferry-optimal/100/ferry_p03_hyp-2_full.tar.bz2:5.51567816734314:0.0:0.0
ferry-optimal/100/ferry_p03_hyp-3_full.tar.bz2:6.0001490116119385:0.0:0.0
ferry-optimal/100/ferry_p03_hyp-4_full.tar.bz2:7.2831501960754395:0.0:0.0
ferry-optimal/100/ferry_p00_hyp-1_full.tar.bz2:6.957526922225952:0.0:0.0
ferry-optimal/100/ferry_p00_hyp-2_full.tar.bz2:6.611654996871948:0.0:0.0
ferry-optimal/100/ferry_p00_hyp-3_full.tar.bz2:6.419003963470459:0.0:0.0
ferry-optimal/100/ferry_p00_hyp-4_full.tar.bz2:7.899706840515137:0.0:0.0
ferry-optimal/100/ferry_p02_hyp-1_full.tar.bz2:16.088809490203857:0.0:0.0
ferry-optimal/100/ferry_p02_hyp-2_full.tar.bz2:13.194603204727173:0.0:0.0
ferry-optimal/100/ferry_p02_hyp-3_full.tar.bz2:15.749709844589233:0.0:0.0
ferry-optimal/100/ferry_p02_hyp-4_full.tar.bz2:12.793139219284058:0.0:0.0
ferry-optimal/100/ferry_p03_hyp-1_full.tar.bz2:5.481595277786255:0.0:0.0
ferry-optimal/100/ferry_p03_hyp-2_full.tar.bz2:5.577936887741089:0.0:0.0
ferry-optimal/100/ferry_p03_hyp-3_full.tar.bz2:7.526977062225342:0.0:0.0
ferry-optimal/100/ferry_p03_hyp-4_full.tar.bz2:5.584530830383301:0.0:0.0
ferry-optimal/100/ferry_p00_hyp-1_full.tar.bz2:6.779687166213989:0.0:0.0
ferry-optimal/100/ferry_p00_hyp-2_full.tar.bz2:6.684840202331543:0.0:0.0
ferry-optimal/100/ferry_p00_hyp-3_full.tar.bz2:6.981879234313965:0.0:0.0
ferry-optimal/100/ferry_p00_hyp-4_full.tar.bz2:9.225356817245483:0.0:0.0
ferry-optimal/100/ferry_p02_hyp-1_full.tar.bz2:14.195512056350708:0.0:0.0
ferry-optimal/100/ferry_p02_hyp-2_full.tar.bz2:17.134390592575073:0.0:0.0
ferry-optimal/100/ferry_p02_hyp-3_full.tar.bz2:15.103525638580322:0.0:0.0
ferry-optimal/100/ferry_p02_hyp-4_full.tar.bz2:14.883119583129883:0.0:0.0
ferry-optimal/100/ferry_p03_hyp-1_full.tar.bz2:8.710330247879028:0.0:0.0
ferry-optimal/100/ferry_p03_hyp-2_full.tar.bz2:5.993902206420898:0.0:0.0
ferry-optimal/100/ferry_p03_hyp-3_full.tar.bz2:6.028210163116455:0.0:0.0
ferry-optimal/100/ferry_p03_hyp-4_full.tar.bz2:5.695896863937378:0.0:0.0
ferry-optimal/100/ferry_p00_hyp-1_full.tar.bz2:7.689045190811157:0.0:0.0
ferry-optimal/100/ferry_p00_hyp-2_full.tar.bz2:10.068859815597534:0.0:0.0
ferry-optimal/100/ferry_p00_hyp-3_full.tar.bz2:6.7480082511901855:0.0:0.0
ferry-optimal/100/ferry_p00_hyp-4_full.tar.bz2:7.4921934604644775:0.0:0.0
ferry-optimal/100/ferry_p02_hyp-1_full.tar.bz2:17.937324047088623:0.0:0.0
ferry-optimal/100/ferry_p02_hyp-2_full.tar.bz2:20.32306671142578:0.0:0.0
ferry-optimal/100/ferry_p02_hyp-3_full.tar.bz2:20.193483114242554:0.0:0.0
ferry-optimal/100/ferry_p02_hyp-4_full.tar.bz2:20.67621660232544:0.0:0.0
ferry-optimal/100/ferry_p03_hyp-1_full.tar.bz2:8.065147161483765:0.0:0.0
ferry-optimal/100/ferry_p03_hyp-2_full.tar.bz2:9.366217374801636:0.0:0.0
ferry-optimal/100/ferry_p03_hyp-3_full.tar.bz2:8.599230527877808:0.0:0.0
ferry-optimal/100/ferry_p03_hyp-4_full.tar.bz2:8.00256896018982:0.0:0.0
