logistics-optimal/100/logistics_p01_hyp-1_full.tar.bz2:0.7990672588348389:0.0:0.0
logistics-optimal/100/logistics_p01_hyp-2_full.tar.bz2:0.37926316261291504:0.0:0.0
logistics-optimal/100/logistics_p01_hyp-3_full.tar.bz2:0.3743152618408203:0.0:0.0
logistics-optimal/100/logistics_p01_hyp-4_full.tar.bz2:0.1894364356994629:0.0:0.0
logistics-optimal/100/logistics_p02_hyp-1_full.tar.bz2:0.9792301654815674:0.0:0.0
logistics-optimal/100/logistics_p02_hyp-2_full.tar.bz2:0.17954301834106445:0.0:0.0
logistics-optimal/100/logistics_p02_hyp-3_full.tar.bz2:0.23313117027282715:0.0:0.0
logistics-optimal/100/logistics_p02_hyp-4_full.tar.bz2:0.2597014904022217:0.0:0.0
logistics-optimal/100/logistics_p03_hyp-1_full.tar.bz2:0.28771162033081055:0.0:0.0
logistics-optimal/100/logistics_p03_hyp-2_full.tar.bz2:0.13440251350402832:0.0:0.0
logistics-optimal/100/logistics_p03_hyp-3_full.tar.bz2:0.14870047569274902:0.0:0.0
logistics-optimal/100/logistics_p03_hyp-4_full.tar.bz2:0.16602325439453125:0.0:0.0
logistics-optimal/100/logistics_p01_hyp-1_full.tar.bz2:0.4534275531768799:0.0:0.0
logistics-optimal/100/logistics_p01_hyp-2_full.tar.bz2:0.5003962516784668:0.0:0.0
logistics-optimal/100/logistics_p01_hyp-3_full.tar.bz2:0.6154646873474121:0.0:0.0
logistics-optimal/100/logistics_p01_hyp-4_full.tar.bz2:0.3244764804840088:0.0:0.0
logistics-optimal/100/logistics_p02_hyp-1_full.tar.bz2:0.32604002952575684:0.0:0.0
logistics-optimal/100/logistics_p02_hyp-2_full.tar.bz2:0.3451690673828125:0.0:0.0
logistics-optimal/100/logistics_p02_hyp-3_full.tar.bz2:0.34029388427734375:0.0:0.0
logistics-optimal/100/logistics_p02_hyp-4_full.tar.bz2:0.46076273918151855:0.0:0.0
logistics-optimal/100/logistics_p03_hyp-1_full.tar.bz2:0.16244292259216309:0.0:0.0
logistics-optimal/100/logistics_p03_hyp-2_full.tar.bz2:0.15648245811462402:0.0:0.0
logistics-optimal/100/logistics_p03_hyp-3_full.tar.bz2:0.23658227920532227:0.0:0.0
logistics-optimal/100/logistics_p03_hyp-4_full.tar.bz2:0.22680282592773438:0.0:0.0
logistics-optimal/100/logistics_p01_hyp-1_full.tar.bz2:0.5165507793426514:0.0:0.0
logistics-optimal/100/logistics_p01_hyp-2_full.tar.bz2:0.4407217502593994:0.0:0.0
logistics-optimal/100/logistics_p01_hyp-3_full.tar.bz2:0.47799015045166016:0.0:0.0
logistics-optimal/100/logistics_p01_hyp-4_full.tar.bz2:0.5052924156188965:0.0:0.0
logistics-optimal/100/logistics_p02_hyp-1_full.tar.bz2:0.4548046588897705:0.0:0.0
logistics-optimal/100/logistics_p02_hyp-2_full.tar.bz2:0.5199270248413086:0.0:0.0
logistics-optimal/100/logistics_p02_hyp-3_full.tar.bz2:0.5896291732788086:0.0:0.0
logistics-optimal/100/logistics_p02_hyp-4_full.tar.bz2:0.5179524421691895:0.0:0.0
logistics-optimal/100/logistics_p03_hyp-1_full.tar.bz2:0.24831032752990723:0.0:0.0
logistics-optimal/100/logistics_p03_hyp-2_full.tar.bz2:0.20531916618347168:0.0:0.0
logistics-optimal/100/logistics_p03_hyp-3_full.tar.bz2:0.40573763847351074:0.0:0.0
logistics-optimal/100/logistics_p03_hyp-4_full.tar.bz2:0.3560812473297119:0.0:0.0
logistics-optimal/100/logistics_p01_hyp-1_full.tar.bz2:0.8557894229888916:0.0:0.0
logistics-optimal/100/logistics_p01_hyp-2_full.tar.bz2:1.046452522277832:0.0:0.0
logistics-optimal/100/logistics_p01_hyp-3_full.tar.bz2:1.0097477436065674:0.0:0.0
logistics-optimal/100/logistics_p01_hyp-4_full.tar.bz2:0.7247207164764404:0.0:0.0
logistics-optimal/100/logistics_p02_hyp-1_full.tar.bz2:0.7802846431732178:0.0:0.0
logistics-optimal/100/logistics_p02_hyp-2_full.tar.bz2:0.9252896308898926:0.0:0.0
logistics-optimal/100/logistics_p02_hyp-3_full.tar.bz2:0.9578578472137451:0.0:0.0
logistics-optimal/100/logistics_p02_hyp-4_full.tar.bz2:0.9914100170135498:0.0:0.0
logistics-optimal/100/logistics_p03_hyp-1_full.tar.bz2:0.3730480670928955:0.0:0.0
logistics-optimal/100/logistics_p03_hyp-2_full.tar.bz2:0.34354662895202637:0.0:0.0
logistics-optimal/100/logistics_p03_hyp-3_full.tar.bz2:0.8086564540863037:0.0:0.0
logistics-optimal/100/logistics_p03_hyp-4_full.tar.bz2:0.6824121475219727:0.0:0.0
