logistics-optimal/100/logistics_p01_hyp-1_full.tar.bz2:40.428815841674805:0.0:0.0
logistics-optimal/100/logistics_p01_hyp-2_full.tar.bz2:41.76500368118286:0.0:0.0
logistics-optimal/100/logistics_p01_hyp-3_full.tar.bz2:39.83598852157593:0.0:0.0
logistics-optimal/100/logistics_p01_hyp-4_full.tar.bz2:34.17998027801514:0.0:0.0
logistics-optimal/100/logistics_p02_hyp-1_full.tar.bz2:34.3317015171051:0.0:0.0
logistics-optimal/100/logistics_p02_hyp-2_full.tar.bz2:37.625688791275024:0.0:0.0
logistics-optimal/100/logistics_p02_hyp-3_full.tar.bz2:40.79133701324463:0.0:0.0
logistics-optimal/100/logistics_p02_hyp-4_full.tar.bz2:40.573326587677:0.0:0.0
logistics-optimal/100/logistics_p03_hyp-1_full.tar.bz2:30.400925874710083:0.0:0.0
logistics-optimal/100/logistics_p03_hyp-2_full.tar.bz2:31.018682718276978:0.0:0.0
logistics-optimal/100/logistics_p03_hyp-3_full.tar.bz2:42.53336548805237:0.0:0.0
logistics-optimal/100/logistics_p03_hyp-4_full.tar.bz2:44.68393659591675:0.0:0.0
logistics-optimal/100/logistics_p01_hyp-1_full.tar.bz2:62.899367570877075:0.0:0.0
logistics-optimal/100/logistics_p01_hyp-2_full.tar.bz2:63.9390914440155:0.0:0.0
logistics-optimal/100/logistics_p01_hyp-3_full.tar.bz2:63.99358820915222:0.0:0.0
logistics-optimal/100/logistics_p01_hyp-4_full.tar.bz2:59.787832498550415:0.0:0.0
logistics-optimal/100/logistics_p02_hyp-1_full.tar.bz2:55.68805265426636:0.0:0.0
logistics-optimal/100/logistics_p02_hyp-2_full.tar.bz2:63.08594012260437:0.0:0.0
logistics-optimal/100/logistics_p02_hyp-3_full.tar.bz2:64.45745015144348:0.0:0.0
logistics-optimal/100/logistics_p02_hyp-4_full.tar.bz2:64.03323245048523:0.0:0.0
logistics-optimal/100/logistics_p03_hyp-1_full.tar.bz2:47.69776964187622:0.0:0.0
logistics-optimal/100/logistics_p03_hyp-2_full.tar.bz2:44.901761531829834:0.0:0.0
logistics-optimal/100/logistics_p03_hyp-3_full.tar.bz2:67.88923382759094:0.0:0.0
logistics-optimal/100/logistics_p03_hyp-4_full.tar.bz2:65.39012813568115:0.0:0.0
logistics-optimal/100/logistics_p01_hyp-1_full.tar.bz2:81.89164161682129:0.0:0.0
logistics-optimal/100/logistics_p01_hyp-2_full.tar.bz2:79.38248109817505:0.0:0.0
logistics-optimal/100/logistics_p01_hyp-3_full.tar.bz2:87.12669801712036:0.0:0.0
logistics-optimal/100/logistics_p01_hyp-4_full.tar.bz2:79.62650227546692:0.0:0.0
logistics-optimal/100/logistics_p02_hyp-1_full.tar.bz2:80.49503207206726:0.0:0.0
logistics-optimal/100/logistics_p02_hyp-2_full.tar.bz2:88.20229959487915:0.0:0.0
logistics-optimal/100/logistics_p02_hyp-3_full.tar.bz2:78.79049491882324:0.0:0.0
logistics-optimal/100/logistics_p02_hyp-4_full.tar.bz2:85.29566168785095:0.0:0.0
logistics-optimal/100/logistics_p03_hyp-1_full.tar.bz2:69.2037513256073:0.0:0.0
logistics-optimal/100/logistics_p03_hyp-2_full.tar.bz2:62.30092906951904:0.0:0.0
logistics-optimal/100/logistics_p03_hyp-3_full.tar.bz2:85.36638283729553:0.0:0.0
logistics-optimal/100/logistics_p03_hyp-4_full.tar.bz2:86.28508591651917:0.0:0.0
logistics-optimal/100/logistics_p01_hyp-1_full.tar.bz2:116.6161048412323:0.0:0.0
logistics-optimal/100/logistics_p01_hyp-2_full.tar.bz2:113.87921023368835:0.0:0.0
logistics-optimal/100/logistics_p01_hyp-3_full.tar.bz2:124.9260938167572:0.0:0.0
logistics-optimal/100/logistics_p01_hyp-4_full.tar.bz2:111.91337275505066:0.0:0.0
logistics-optimal/100/logistics_p02_hyp-1_full.tar.bz2:111.8838222026825:0.0:0.0
logistics-optimal/100/logistics_p02_hyp-2_full.tar.bz2:124.06180834770203:0.0:0.0
logistics-optimal/100/logistics_p02_hyp-3_full.tar.bz2:114.34542679786682:0.0:0.0
logistics-optimal/100/logistics_p02_hyp-4_full.tar.bz2:121.36820125579834:0.0:0.0
logistics-optimal/100/logistics_p03_hyp-1_full.tar.bz2:92.3022665977478:0.0:0.0
logistics-optimal/100/logistics_p03_hyp-2_full.tar.bz2:86.02681732177734:0.0:0.0
logistics-optimal/100/logistics_p03_hyp-3_full.tar.bz2:123.20201468467712:0.0:0.0
logistics-optimal/100/logistics_p03_hyp-4_full.tar.bz2:125.40762376785278:0.0:0.0
