logistics-optimal/100/logistics_p01_hyp-1_full.tar.bz2:20.53205966949463:0.0:0.0
logistics-optimal/100/logistics_p01_hyp-2_full.tar.bz2:21.997194290161133:0.0:0.0
logistics-optimal/100/logistics_p01_hyp-3_full.tar.bz2:20.977652072906494:0.0:0.0
logistics-optimal/100/logistics_p01_hyp-4_full.tar.bz2:21.970637798309326:0.0:0.0
logistics-optimal/100/logistics_p02_hyp-1_full.tar.bz2:20.85979151725769:0.0:0.0
logistics-optimal/100/logistics_p02_hyp-2_full.tar.bz2:19.991899251937866:0.0:0.0
logistics-optimal/100/logistics_p02_hyp-3_full.tar.bz2:23.020877838134766:0.0:0.0
logistics-optimal/100/logistics_p02_hyp-4_full.tar.bz2:22.33433508872986:0.0:0.0
logistics-optimal/100/logistics_p03_hyp-1_full.tar.bz2:20.78727149963379:0.0:0.0
logistics-optimal/100/logistics_p03_hyp-2_full.tar.bz2:23.008487701416016:0.0:0.0
logistics-optimal/100/logistics_p03_hyp-3_full.tar.bz2:23.63449501991272:0.0:0.0
logistics-optimal/100/logistics_p03_hyp-4_full.tar.bz2:21.640480995178223:0.0:0.0
logistics-optimal/100/logistics_p01_hyp-1_full.tar.bz2:27.205819845199585:0.0:0.0
logistics-optimal/100/logistics_p01_hyp-2_full.tar.bz2:25.733804941177368:0.0:0.0
logistics-optimal/100/logistics_p01_hyp-3_full.tar.bz2:25.32919454574585:0.0:0.0
logistics-optimal/100/logistics_p01_hyp-4_full.tar.bz2:22.660863637924194:0.0:0.0
logistics-optimal/100/logistics_p02_hyp-1_full.tar.bz2:25.271289825439453:0.0:0.0
logistics-optimal/100/logistics_p02_hyp-2_full.tar.bz2:27.21957755088806:0.0:0.0
logistics-optimal/100/logistics_p02_hyp-3_full.tar.bz2:26.163397073745728:0.0:0.0
logistics-optimal/100/logistics_p02_hyp-4_full.tar.bz2:23.828049898147583:0.0:0.0
logistics-optimal/100/logistics_p03_hyp-1_full.tar.bz2:24.336187839508057:0.0:0.0
logistics-optimal/100/logistics_p03_hyp-2_full.tar.bz2:23.707836866378784:0.0:0.0
logistics-optimal/100/logistics_p03_hyp-3_full.tar.bz2:24.72976565361023:0.0:0.0
logistics-optimal/100/logistics_p03_hyp-4_full.tar.bz2:26.682682514190674:0.0:0.0
logistics-optimal/100/logistics_p01_hyp-1_full.tar.bz2:27.962672233581543:0.0:0.0
logistics-optimal/100/logistics_p01_hyp-2_full.tar.bz2:28.531086444854736:0.0:0.0
logistics-optimal/100/logistics_p01_hyp-3_full.tar.bz2:29.388955116271973:0.0:0.0
logistics-optimal/100/logistics_p01_hyp-4_full.tar.bz2:28.52093529701233:0.0:0.0
logistics-optimal/100/logistics_p02_hyp-1_full.tar.bz2:26.150346517562866:0.0:0.0
logistics-optimal/100/logistics_p02_hyp-2_full.tar.bz2:29.944337606430054:0.0:0.0
logistics-optimal/100/logistics_p02_hyp-3_full.tar.bz2:29.04405403137207:0.0:0.0
logistics-optimal/100/logistics_p02_hyp-4_full.tar.bz2:30.357825994491577:0.0:0.0
logistics-optimal/100/logistics_p03_hyp-1_full.tar.bz2:27.019120931625366:0.0:0.0
logistics-optimal/100/logistics_p03_hyp-2_full.tar.bz2:25.878157138824463:0.0:0.0
logistics-optimal/100/logistics_p03_hyp-3_full.tar.bz2:29.28620195388794:0.0:0.0
logistics-optimal/100/logistics_p03_hyp-4_full.tar.bz2:31.19427251815796:0.0:0.0
logistics-optimal/100/logistics_p01_hyp-1_full.tar.bz2:40.68347501754761:0.0:0.0
logistics-optimal/100/logistics_p01_hyp-2_full.tar.bz2:38.26848554611206:0.0:0.0
logistics-optimal/100/logistics_p01_hyp-3_full.tar.bz2:39.605892181396484:0.0:0.0
logistics-optimal/100/logistics_p01_hyp-4_full.tar.bz2:36.62348961830139:0.0:0.0
logistics-optimal/100/logistics_p02_hyp-1_full.tar.bz2:36.837175369262695:0.0:0.0
logistics-optimal/100/logistics_p02_hyp-2_full.tar.bz2:39.265438079833984:0.0:0.0
logistics-optimal/100/logistics_p02_hyp-3_full.tar.bz2:38.168532371520996:0.0:0.0
logistics-optimal/100/logistics_p02_hyp-4_full.tar.bz2:38.83656072616577:0.0:0.0
logistics-optimal/100/logistics_p03_hyp-1_full.tar.bz2:32.67585372924805:0.0:0.0
logistics-optimal/100/logistics_p03_hyp-2_full.tar.bz2:31.210420846939087:0.0:0.0
logistics-optimal/100/logistics_p03_hyp-3_full.tar.bz2:41.79231929779053:0.0:0.0
logistics-optimal/100/logistics_p03_hyp-4_full.tar.bz2:40.03622889518738:0.0:0.0
