logistics-optimal/100/logistics_p01_hyp-1_full.tar.bz2:8.674107551574707:0.0:0.0
logistics-optimal/100/logistics_p01_hyp-2_full.tar.bz2:8.115946531295776:0.0:0.0
logistics-optimal/100/logistics_p01_hyp-3_full.tar.bz2:8.95323133468628:0.0:0.0
logistics-optimal/100/logistics_p01_hyp-4_full.tar.bz2:7.560374975204468:0.0:0.0
logistics-optimal/100/logistics_p02_hyp-1_full.tar.bz2:9.194583415985107:0.0:0.0
logistics-optimal/100/logistics_p02_hyp-2_full.tar.bz2:13.80544400215149:0.0:0.0
logistics-optimal/100/logistics_p02_hyp-3_full.tar.bz2:13.393821716308594:0.0:0.0
logistics-optimal/100/logistics_p02_hyp-4_full.tar.bz2:14.002712965011597:0.0:0.0
logistics-optimal/100/logistics_p03_hyp-1_full.tar.bz2:11.925593852996826:0.0:0.0
logistics-optimal/100/logistics_p03_hyp-2_full.tar.bz2:11.552312135696411:0.0:0.0
logistics-optimal/100/logistics_p03_hyp-3_full.tar.bz2:14.444443941116333:0.0:0.0
logistics-optimal/100/logistics_p03_hyp-4_full.tar.bz2:14.82831859588623:0.0:0.0
logistics-optimal/100/logistics_p01_hyp-1_full.tar.bz2:11.595335245132446:0.0:0.0
logistics-optimal/100/logistics_p01_hyp-2_full.tar.bz2:11.412298917770386:0.0:0.0
logistics-optimal/100/logistics_p01_hyp-3_full.tar.bz2:15.287145853042603:0.0:0.0
logistics-optimal/100/logistics_p01_hyp-4_full.tar.bz2:9.775887727737427:0.0:0.0
logistics-optimal/100/logistics_p02_hyp-1_full.tar.bz2:9.865525245666504:0.0:0.0
logistics-optimal/100/logistics_p02_hyp-2_full.tar.bz2:19.862223863601685:0.0:0.0
logistics-optimal/100/logistics_p02_hyp-3_full.tar.bz2:17.414308786392212:0.0:0.0
logistics-optimal/100/logistics_p02_hyp-4_full.tar.bz2:20.18902015686035:0.0:0.0
logistics-optimal/100/logistics_p03_hyp-1_full.tar.bz2:16.452662467956543:0.0:0.0
logistics-optimal/100/logistics_p03_hyp-2_full.tar.bz2:14.915631771087646:0.0:0.0
logistics-optimal/100/logistics_p03_hyp-3_full.tar.bz2:21.248207807540894:0.0:0.0
logistics-optimal/100/logistics_p03_hyp-4_full.tar.bz2:20.922709703445435:0.0:0.0
logistics-optimal/100/logistics_p01_hyp-1_full.tar.bz2:14.124083280563354:0.0:0.0
logistics-optimal/100/logistics_p01_hyp-2_full.tar.bz2:12.892013549804688:0.0:0.0
logistics-optimal/100/logistics_p01_hyp-3_full.tar.bz2:21.47274136543274:0.0:0.0
logistics-optimal/100/logistics_p01_hyp-4_full.tar.bz2:11.851391553878784:0.0:0.0
logistics-optimal/100/logistics_p02_hyp-1_full.tar.bz2:12.027445316314697:0.0:0.0
logistics-optimal/100/logistics_p02_hyp-2_full.tar.bz2:24.749790906906128:0.0:0.0
logistics-optimal/100/logistics_p02_hyp-3_full.tar.bz2:20.71958017349243:0.0:0.0
logistics-optimal/100/logistics_p02_hyp-4_full.tar.bz2:24.674010753631592:0.0:0.0
logistics-optimal/100/logistics_p03_hyp-1_full.tar.bz2:18.903046369552612:0.0:0.0
logistics-optimal/100/logistics_p03_hyp-2_full.tar.bz2:16.37839436531067:0.0:0.0
logistics-optimal/100/logistics_p03_hyp-3_full.tar.bz2:23.05944299697876:0.0:0.0
logistics-optimal/100/logistics_p03_hyp-4_full.tar.bz2:24.437949895858765:0.0:0.0
logistics-optimal/100/logistics_p01_hyp-1_full.tar.bz2:16.470760583877563:0.0:0.0
logistics-optimal/100/logistics_p01_hyp-2_full.tar.bz2:16.62009620666504:0.0:0.0
logistics-optimal/100/logistics_p01_hyp-3_full.tar.bz2:28.11310911178589:0.0:0.0
logistics-optimal/100/logistics_p01_hyp-4_full.tar.bz2:14.815321445465088:0.0:0.0
logistics-optimal/100/logistics_p02_hyp-1_full.tar.bz2:14.942349195480347:0.0:0.0
logistics-optimal/100/logistics_p02_hyp-2_full.tar.bz2:28.905616760253906:0.0:0.0
logistics-optimal/100/logistics_p02_hyp-3_full.tar.bz2:25.238755702972412:0.0:0.0
logistics-optimal/100/logistics_p02_hyp-4_full.tar.bz2:30.157707691192627:0.0:0.0
logistics-optimal/100/logistics_p03_hyp-1_full.tar.bz2:21.427305459976196:0.0:0.0
logistics-optimal/100/logistics_p03_hyp-2_full.tar.bz2:18.65715193748474:0.0:0.0
logistics-optimal/100/logistics_p03_hyp-3_full.tar.bz2:26.506157875061035:0.0:0.0
logistics-optimal/100/logistics_p03_hyp-4_full.tar.bz2:28.008031606674194:0.0:0.0
