logistics-optimal/100/logistics_p01_hyp-1_full.tar.bz2:4.948234558105469:0.0:0.0
logistics-optimal/100/logistics_p01_hyp-2_full.tar.bz2:4.932268381118774:0.0:0.0
logistics-optimal/100/logistics_p01_hyp-3_full.tar.bz2:4.953665018081665:0.0:0.0
logistics-optimal/100/logistics_p01_hyp-4_full.tar.bz2:5.75132155418396:0.0:0.0
logistics-optimal/100/logistics_p02_hyp-1_full.tar.bz2:5.168680667877197:0.0:0.0
logistics-optimal/100/logistics_p02_hyp-2_full.tar.bz2:4.874157905578613:0.0:0.0
logistics-optimal/100/logistics_p02_hyp-3_full.tar.bz2:4.953447341918945:0.0:0.0
logistics-optimal/100/logistics_p02_hyp-4_full.tar.bz2:4.8448874950408936:0.0:0.0
logistics-optimal/100/logistics_p03_hyp-1_full.tar.bz2:5.191965341567993:0.0:0.0
logistics-optimal/100/logistics_p03_hyp-2_full.tar.bz2:6.035429239273071:0.0:0.0
logistics-optimal/100/logistics_p03_hyp-3_full.tar.bz2:5.131335496902466:0.0:0.0
logistics-optimal/100/logistics_p03_hyp-4_full.tar.bz2:5.000579357147217:0.0:0.0
logistics-optimal/100/logistics_p01_hyp-1_full.tar.bz2:4.925767660140991:0.0:0.0
logistics-optimal/100/logistics_p01_hyp-2_full.tar.bz2:4.880269527435303:0.0:0.0
logistics-optimal/100/logistics_p01_hyp-3_full.tar.bz2:4.985161542892456:0.0:0.0
logistics-optimal/100/logistics_p01_hyp-4_full.tar.bz2:4.90284276008606:0.0:0.0
logistics-optimal/100/logistics_p02_hyp-1_full.tar.bz2:5.877956390380859:0.0:0.0
logistics-optimal/100/logistics_p02_hyp-2_full.tar.bz2:4.92814826965332:0.0:0.0
logistics-optimal/100/logistics_p02_hyp-3_full.tar.bz2:4.643865346908569:0.0:0.0
logistics-optimal/100/logistics_p02_hyp-4_full.tar.bz2:4.994760751724243:0.0:0.0
logistics-optimal/100/logistics_p03_hyp-1_full.tar.bz2:5.124758005142212:0.0:0.0
logistics-optimal/100/logistics_p03_hyp-2_full.tar.bz2:5.1196348667144775:0.0:0.0
logistics-optimal/100/logistics_p03_hyp-3_full.tar.bz2:6.034341096878052:0.0:0.0
logistics-optimal/100/logistics_p03_hyp-4_full.tar.bz2:5.189628839492798:0.0:0.0
logistics-optimal/100/logistics_p01_hyp-1_full.tar.bz2:4.585087060928345:0.0:0.0
logistics-optimal/100/logistics_p01_hyp-2_full.tar.bz2:4.9361443519592285:0.0:0.0
logistics-optimal/100/logistics_p01_hyp-3_full.tar.bz2:4.9705400466918945:0.0:0.0
logistics-optimal/100/logistics_p01_hyp-4_full.tar.bz2:4.91117525100708:0.0:0.0
logistics-optimal/100/logistics_p02_hyp-1_full.tar.bz2:4.960007905960083:0.0:0.0
logistics-optimal/100/logistics_p02_hyp-2_full.tar.bz2:5.803466320037842:0.0:0.0
logistics-optimal/100/logistics_p02_hyp-3_full.tar.bz2:4.8588762283325195:0.0:0.0
logistics-optimal/100/logistics_p02_hyp-4_full.tar.bz2:4.683326244354248:0.0:0.0
logistics-optimal/100/logistics_p03_hyp-1_full.tar.bz2:5.175983905792236:0.0:0.0
logistics-optimal/100/logistics_p03_hyp-2_full.tar.bz2:5.097607851028442:0.0:0.0
logistics-optimal/100/logistics_p03_hyp-3_full.tar.bz2:5.182525634765625:0.0:0.0
logistics-optimal/100/logistics_p03_hyp-4_full.tar.bz2:6.084648370742798:0.0:0.0
logistics-optimal/100/logistics_p01_hyp-1_full.tar.bz2:5.021411418914795:0.0:0.0
logistics-optimal/100/logistics_p01_hyp-2_full.tar.bz2:4.590107440948486:0.0:0.0
logistics-optimal/100/logistics_p01_hyp-3_full.tar.bz2:4.979040861129761:0.0:0.0
logistics-optimal/100/logistics_p01_hyp-4_full.tar.bz2:4.949237108230591:0.0:0.0
logistics-optimal/100/logistics_p02_hyp-1_full.tar.bz2:4.933079719543457:0.0:0.0
logistics-optimal/100/logistics_p02_hyp-2_full.tar.bz2:4.969517469406128:0.0:0.0
logistics-optimal/100/logistics_p02_hyp-3_full.tar.bz2:5.979161500930786:0.0:0.0
logistics-optimal/100/logistics_p02_hyp-4_full.tar.bz2:4.929745674133301:0.0:0.0
logistics-optimal/100/logistics_p03_hyp-1_full.tar.bz2:5.150844097137451:0.0:0.0
logistics-optimal/100/logistics_p03_hyp-2_full.tar.bz2:5.145755767822266:0.0:0.0
logistics-optimal/100/logistics_p03_hyp-3_full.tar.bz2:5.133739948272705:0.0:0.0
logistics-optimal/100/logistics_p03_hyp-4_full.tar.bz2:5.139770746231079:0.0:0.0
