miconic-optimal/100/miconic_p01_hyp-1_full.tar.bz2:23.90869402885437:0.0:0.0
miconic-optimal/100/miconic_p01_hyp-2_full.tar.bz2:24.331981658935547:0.0:0.0
miconic-optimal/100/miconic_p01_hyp-3_full.tar.bz2:24.063826084136963:0.0:0.0
miconic-optimal/100/miconic_p01_hyp-4_full.tar.bz2:23.995153427124023:0.0:0.0
miconic-optimal/100/miconic_p02_hyp-1_full.tar.bz2:23.22193193435669:0.0:0.0
miconic-optimal/100/miconic_p02_hyp-2_full.tar.bz2:22.90816903114319:0.0:0.0
miconic-optimal/100/miconic_p02_hyp-3_full.tar.bz2:22.875965118408203:0.0:0.0
miconic-optimal/100/miconic_p02_hyp-4_full.tar.bz2:26.556533336639404:0.0:0.0
miconic-optimal/100/miconic_p03_hyp-1_full.tar.bz2:17.508118391036987:0.0:0.0
miconic-optimal/100/miconic_p03_hyp-2_full.tar.bz2:17.293184280395508:0.0:0.0
miconic-optimal/100/miconic_p03_hyp-3_full.tar.bz2:17.02927303314209:0.0:0.0
miconic-optimal/100/miconic_p03_hyp-4_full.tar.bz2:17.02498459815979:0.0:0.0
miconic-optimal/100/miconic_p01_hyp-1_full.tar.bz2:35.66707444190979:0.0:0.0
miconic-optimal/100/miconic_p01_hyp-2_full.tar.bz2:36.05201315879822:0.0:0.0
miconic-optimal/100/miconic_p01_hyp-3_full.tar.bz2:35.904242515563965:0.0:0.0
miconic-optimal/100/miconic_p01_hyp-4_full.tar.bz2:36.31009387969971:0.0:0.0
miconic-optimal/100/miconic_p02_hyp-1_full.tar.bz2:38.35337829589844:0.0:0.0
miconic-optimal/100/miconic_p02_hyp-2_full.tar.bz2:33.797688245773315:0.0:0.0
miconic-optimal/100/miconic_p02_hyp-3_full.tar.bz2:38.27566361427307:0.0:0.0
miconic-optimal/100/miconic_p02_hyp-4_full.tar.bz2:41.198028326034546:0.0:0.0
miconic-optimal/100/miconic_p03_hyp-1_full.tar.bz2:31.192706823349:0.0:0.0
miconic-optimal/100/miconic_p03_hyp-2_full.tar.bz2:30.77560257911682:0.0:0.0
miconic-optimal/100/miconic_p03_hyp-3_full.tar.bz2:30.327253818511963:0.0:0.0
miconic-optimal/100/miconic_p03_hyp-4_full.tar.bz2:27.229405164718628:0.0:0.0
miconic-optimal/100/miconic_p01_hyp-1_full.tar.bz2:52.007092237472534:0.0:0.0
miconic-optimal/100/miconic_p01_hyp-2_full.tar.bz2:47.21972370147705:0.0:0.0
miconic-optimal/100/miconic_p01_hyp-3_full.tar.bz2:48.65579056739807:0.0:0.0
miconic-optimal/100/miconic_p01_hyp-4_full.tar.bz2:48.274904012680054:0.0:0.0
miconic-optimal/100/miconic_p02_hyp-1_full.tar.bz2:51.970913887023926:0.0:0.0
miconic-optimal/100/miconic_p02_hyp-2_full.tar.bz2:48.90862035751343:0.0:0.0
miconic-optimal/100/miconic_p02_hyp-3_full.tar.bz2:53.0280487537384:0.0:0.0
miconic-optimal/100/miconic_p02_hyp-4_full.tar.bz2:52.14373159408569:0.0:0.0
miconic-optimal/100/miconic_p03_hyp-1_full.tar.bz2:37.36566424369812:0.0:0.0
miconic-optimal/100/miconic_p03_hyp-2_full.tar.bz2:37.452470779418945:0.0:0.0
miconic-optimal/100/miconic_p03_hyp-3_full.tar.bz2:37.151915311813354:0.0:0.0
miconic-optimal/100/miconic_p03_hyp-4_full.tar.bz2:37.20288372039795:0.0:0.0
miconic-optimal/100/miconic_p01_hyp-1_full.tar.bz2:69.53597974777222:0.0:0.0
miconic-optimal/100/miconic_p01_hyp-2_full.tar.bz2:65.20495676994324:0.0:0.0
miconic-optimal/100/miconic_p01_hyp-3_full.tar.bz2:65.2838728427887:0.0:0.0
miconic-optimal/100/miconic_p01_hyp-4_full.tar.bz2:65.83451724052429:0.0:0.0
miconic-optimal/100/miconic_p02_hyp-1_full.tar.bz2:69.44537496566772:0.0:0.0
miconic-optimal/100/miconic_p02_hyp-2_full.tar.bz2:65.69669342041016:0.0:0.0
miconic-optimal/100/miconic_p02_hyp-3_full.tar.bz2:72.55031085014343:0.0:0.0
miconic-optimal/100/miconic_p02_hyp-4_full.tar.bz2:72.44969177246094:0.0:0.0
miconic-optimal/100/miconic_p03_hyp-1_full.tar.bz2:53.07581186294556:0.0:0.0
miconic-optimal/100/miconic_p03_hyp-2_full.tar.bz2:53.14933133125305:0.0:0.0
miconic-optimal/100/miconic_p03_hyp-3_full.tar.bz2:52.535563230514526:0.0:0.0
miconic-optimal/100/miconic_p03_hyp-4_full.tar.bz2:50.10239219665527:0.0:0.0
