miconic-optimal/100/miconic_p01_hyp-1_full.tar.bz2:11.585315227508545:0.0:0.0
miconic-optimal/100/miconic_p01_hyp-2_full.tar.bz2:13.942964315414429:0.0:0.0
miconic-optimal/100/miconic_p01_hyp-3_full.tar.bz2:11.562450885772705:0.0:0.0
miconic-optimal/100/miconic_p01_hyp-4_full.tar.bz2:11.553627729415894:0.0:0.0
miconic-optimal/100/miconic_p02_hyp-1_full.tar.bz2:12.221226215362549:0.0:0.0
miconic-optimal/100/miconic_p02_hyp-2_full.tar.bz2:10.462162017822266:0.0:0.0
miconic-optimal/100/miconic_p02_hyp-3_full.tar.bz2:10.258753538131714:0.0:0.0
miconic-optimal/100/miconic_p02_hyp-4_full.tar.bz2:12.647994995117188:0.0:0.0
miconic-optimal/100/miconic_p03_hyp-1_full.tar.bz2:7.745012283325195:0.0:0.0
miconic-optimal/100/miconic_p03_hyp-2_full.tar.bz2:7.270123720169067:0.0:0.0
miconic-optimal/100/miconic_p03_hyp-3_full.tar.bz2:7.4661078453063965:0.0:0.0
miconic-optimal/100/miconic_p03_hyp-4_full.tar.bz2:7.564048767089844:0.0:0.0
miconic-optimal/100/miconic_p01_hyp-1_full.tar.bz2:14.280848503112793:0.0:0.0
miconic-optimal/100/miconic_p01_hyp-2_full.tar.bz2:11.722451448440552:0.0:0.0
miconic-optimal/100/miconic_p01_hyp-3_full.tar.bz2:14.237042665481567:0.0:0.0
miconic-optimal/100/miconic_p01_hyp-4_full.tar.bz2:11.827826023101807:0.0:0.0
miconic-optimal/100/miconic_p02_hyp-1_full.tar.bz2:10.470013618469238:0.0:0.0
miconic-optimal/100/miconic_p02_hyp-2_full.tar.bz2:13.272363185882568:0.0:0.0
miconic-optimal/100/miconic_p02_hyp-3_full.tar.bz2:10.704075574874878:0.0:0.0
miconic-optimal/100/miconic_p02_hyp-4_full.tar.bz2:10.394558906555176:0.0:0.0
miconic-optimal/100/miconic_p03_hyp-1_full.tar.bz2:10.324039220809937:0.0:0.0
miconic-optimal/100/miconic_p03_hyp-2_full.tar.bz2:8.117034196853638:0.0:0.0
miconic-optimal/100/miconic_p03_hyp-3_full.tar.bz2:7.549937963485718:0.0:0.0
miconic-optimal/100/miconic_p03_hyp-4_full.tar.bz2:7.406141519546509:0.0:0.0
miconic-optimal/100/miconic_p01_hyp-1_full.tar.bz2:16.36670184135437:0.0:0.0
miconic-optimal/100/miconic_p01_hyp-2_full.tar.bz2:12.16274356842041:0.0:0.0
miconic-optimal/100/miconic_p01_hyp-3_full.tar.bz2:12.296941041946411:0.0:0.0
miconic-optimal/100/miconic_p01_hyp-4_full.tar.bz2:15.185769319534302:0.0:0.0
miconic-optimal/100/miconic_p02_hyp-1_full.tar.bz2:11.243654727935791:0.0:0.0
miconic-optimal/100/miconic_p02_hyp-2_full.tar.bz2:13.682562828063965:0.0:0.0
miconic-optimal/100/miconic_p02_hyp-3_full.tar.bz2:11.413602590560913:0.0:0.0
miconic-optimal/100/miconic_p02_hyp-4_full.tar.bz2:11.201236248016357:0.0:0.0
miconic-optimal/100/miconic_p03_hyp-1_full.tar.bz2:10.55362844467163:0.0:0.0
miconic-optimal/100/miconic_p03_hyp-2_full.tar.bz2:8.27661681175232:0.0:0.0
miconic-optimal/100/miconic_p03_hyp-3_full.tar.bz2:7.730706453323364:0.0:0.0
miconic-optimal/100/miconic_p03_hyp-4_full.tar.bz2:7.913820266723633:0.0:0.0
miconic-optimal/100/miconic_p01_hyp-1_full.tar.bz2:16.59698510169983:0.0:0.0
miconic-optimal/100/miconic_p01_hyp-2_full.tar.bz2:13.485117435455322:0.0:0.0
miconic-optimal/100/miconic_p01_hyp-3_full.tar.bz2:16.330922842025757:0.0:0.0
miconic-optimal/100/miconic_p01_hyp-4_full.tar.bz2:13.873640298843384:0.0:0.0
miconic-optimal/100/miconic_p02_hyp-1_full.tar.bz2:12.57871150970459:0.0:0.0
miconic-optimal/100/miconic_p02_hyp-2_full.tar.bz2:14.992329359054565:0.0:0.0
miconic-optimal/100/miconic_p02_hyp-3_full.tar.bz2:12.240874767303467:0.0:0.0
miconic-optimal/100/miconic_p02_hyp-4_full.tar.bz2:15.339228391647339:0.0:0.0
miconic-optimal/100/miconic_p03_hyp-1_full.tar.bz2:8.594970464706421:0.0:0.0
miconic-optimal/100/miconic_p03_hyp-2_full.tar.bz2:8.532508850097656:0.0:0.0
miconic-optimal/100/miconic_p03_hyp-3_full.tar.bz2:8.759294748306274:0.0:0.0
miconic-optimal/100/miconic_p03_hyp-4_full.tar.bz2:11.118905782699585:0.0:0.0
