miconic-optimal/100/miconic_p01_hyp-1_full.tar.bz2:9.124082088470459:0.0:0.0
miconic-optimal/100/miconic_p01_hyp-2_full.tar.bz2:7.280070066452026:0.0:0.0
miconic-optimal/100/miconic_p01_hyp-3_full.tar.bz2:6.434288263320923:0.0:0.0
miconic-optimal/100/miconic_p01_hyp-4_full.tar.bz2:6.362064838409424:0.0:0.0
miconic-optimal/100/miconic_p02_hyp-1_full.tar.bz2:9.795959711074829:0.0:0.0
miconic-optimal/100/miconic_p02_hyp-2_full.tar.bz2:6.092647075653076:0.0:0.0
miconic-optimal/100/miconic_p02_hyp-3_full.tar.bz2:11.675951957702637:0.0:0.0
miconic-optimal/100/miconic_p02_hyp-4_full.tar.bz2:10.955814838409424:0.0:0.0
miconic-optimal/100/miconic_p03_hyp-1_full.tar.bz2:7.752647399902344:0.0:0.0
miconic-optimal/100/miconic_p03_hyp-2_full.tar.bz2:8.25700330734253:0.0:0.0
miconic-optimal/100/miconic_p03_hyp-3_full.tar.bz2:7.872089862823486:0.0:0.0
miconic-optimal/100/miconic_p03_hyp-4_full.tar.bz2:8.563323974609375:0.0:0.0
miconic-optimal/100/miconic_p01_hyp-1_full.tar.bz2:11.595139741897583:0.0:0.0
miconic-optimal/100/miconic_p01_hyp-2_full.tar.bz2:7.935279846191406:0.0:0.0
miconic-optimal/100/miconic_p01_hyp-3_full.tar.bz2:8.037728071212769:0.0:0.0
miconic-optimal/100/miconic_p01_hyp-4_full.tar.bz2:7.9202721118927:0.0:0.0
miconic-optimal/100/miconic_p02_hyp-1_full.tar.bz2:12.28864312171936:0.0:0.0
miconic-optimal/100/miconic_p02_hyp-2_full.tar.bz2:7.5582990646362305:0.0:0.0
miconic-optimal/100/miconic_p02_hyp-3_full.tar.bz2:14.571141004562378:0.0:0.0
miconic-optimal/100/miconic_p02_hyp-4_full.tar.bz2:14.900882720947266:0.0:0.0
miconic-optimal/100/miconic_p03_hyp-1_full.tar.bz2:9.82476806640625:0.0:0.0
miconic-optimal/100/miconic_p03_hyp-2_full.tar.bz2:11.464539051055908:0.0:0.0
miconic-optimal/100/miconic_p03_hyp-3_full.tar.bz2:11.068204879760742:0.0:0.0
miconic-optimal/100/miconic_p03_hyp-4_full.tar.bz2:11.394490957260132:0.0:0.0
miconic-optimal/100/miconic_p01_hyp-1_full.tar.bz2:13.68780779838562:0.0:0.0
miconic-optimal/100/miconic_p01_hyp-2_full.tar.bz2:9.572667837142944:0.0:0.0
miconic-optimal/100/miconic_p01_hyp-3_full.tar.bz2:9.853263139724731:0.0:0.0
miconic-optimal/100/miconic_p01_hyp-4_full.tar.bz2:9.595475435256958:0.0:0.0
miconic-optimal/100/miconic_p02_hyp-1_full.tar.bz2:14.54472827911377:0.0:0.0
miconic-optimal/100/miconic_p02_hyp-2_full.tar.bz2:9.921730995178223:0.0:0.0
miconic-optimal/100/miconic_p02_hyp-3_full.tar.bz2:16.53641176223755:0.0:0.0
miconic-optimal/100/miconic_p02_hyp-4_full.tar.bz2:16.776700973510742:0.0:0.0
miconic-optimal/100/miconic_p03_hyp-1_full.tar.bz2:10.666555643081665:0.0:0.0
miconic-optimal/100/miconic_p03_hyp-2_full.tar.bz2:11.782731056213379:0.0:0.0
miconic-optimal/100/miconic_p03_hyp-3_full.tar.bz2:13.072426557540894:0.0:0.0
miconic-optimal/100/miconic_p03_hyp-4_full.tar.bz2:13.58122205734253:0.0:0.0
miconic-optimal/100/miconic_p01_hyp-1_full.tar.bz2:16.74750781059265:0.0:0.0
miconic-optimal/100/miconic_p01_hyp-2_full.tar.bz2:12.578985691070557:0.0:0.0
miconic-optimal/100/miconic_p01_hyp-3_full.tar.bz2:12.826131820678711:0.0:0.0
miconic-optimal/100/miconic_p01_hyp-4_full.tar.bz2:12.645583152770996:0.0:0.0
miconic-optimal/100/miconic_p02_hyp-1_full.tar.bz2:17.509143829345703:0.0:0.0
miconic-optimal/100/miconic_p02_hyp-2_full.tar.bz2:12.86790943145752:0.0:0.0
miconic-optimal/100/miconic_p02_hyp-3_full.tar.bz2:19.404785633087158:0.0:0.0
miconic-optimal/100/miconic_p02_hyp-4_full.tar.bz2:20.20582914352417:0.0:0.0
miconic-optimal/100/miconic_p03_hyp-1_full.tar.bz2:13.441019773483276:0.0:0.0
miconic-optimal/100/miconic_p03_hyp-2_full.tar.bz2:15.400763273239136:0.0:0.0
miconic-optimal/100/miconic_p03_hyp-3_full.tar.bz2:14.448524236679077:0.0:0.0
miconic-optimal/100/miconic_p03_hyp-4_full.tar.bz2:15.949367761611938:0.0:0.0
