miconic-optimal/100/miconic_p01_hyp-1_full.tar.bz2:0.6538543701171875:0.0:0.0
miconic-optimal/100/miconic_p01_hyp-2_full.tar.bz2:0.3950083255767822:0.0:0.0
miconic-optimal/100/miconic_p01_hyp-3_full.tar.bz2:0.25020551681518555:0.0:0.0
miconic-optimal/100/miconic_p01_hyp-4_full.tar.bz2:0.22207975387573242:0.0:0.0
miconic-optimal/100/miconic_p02_hyp-1_full.tar.bz2:0.11800146102905273:0.0:0.0
miconic-optimal/100/miconic_p02_hyp-2_full.tar.bz2:0.17385506629943848:0.0:0.0
miconic-optimal/100/miconic_p02_hyp-3_full.tar.bz2:0.09581232070922852:0.0:0.0
miconic-optimal/100/miconic_p02_hyp-4_full.tar.bz2:0.3390491008758545:0.0:0.0
miconic-optimal/100/miconic_p03_hyp-1_full.tar.bz2:0.049407005310058594:0.0:0.0
miconic-optimal/100/miconic_p03_hyp-2_full.tar.bz2:0.041839599609375:0.0:0.0
miconic-optimal/100/miconic_p03_hyp-3_full.tar.bz2:0.10760784149169922:0.0:0.0
miconic-optimal/100/miconic_p03_hyp-4_full.tar.bz2:0.04073476791381836:0.0:0.0
miconic-optimal/100/miconic_p01_hyp-1_full.tar.bz2:0.21444344520568848:0.0:0.0
miconic-optimal/100/miconic_p01_hyp-2_full.tar.bz2:0.3153989315032959:0.0:0.0
miconic-optimal/100/miconic_p01_hyp-3_full.tar.bz2:0.2465977668762207:0.0:0.0
miconic-optimal/100/miconic_p01_hyp-4_full.tar.bz2:0.1685333251953125:0.0:0.0
miconic-optimal/100/miconic_p02_hyp-1_full.tar.bz2:0.23326563835144043:0.0:0.0
miconic-optimal/100/miconic_p02_hyp-2_full.tar.bz2:0.20383143424987793:0.0:0.0
miconic-optimal/100/miconic_p02_hyp-3_full.tar.bz2:0.21548056602478027:0.0:0.0
miconic-optimal/100/miconic_p02_hyp-4_full.tar.bz2:0.24418425559997559:0.0:0.0
miconic-optimal/100/miconic_p03_hyp-1_full.tar.bz2:0.08496832847595215:0.0:0.0
miconic-optimal/100/miconic_p03_hyp-2_full.tar.bz2:0.1697540283203125:0.0:0.0
miconic-optimal/100/miconic_p03_hyp-3_full.tar.bz2:0.10795450210571289:0.0:0.0
miconic-optimal/100/miconic_p03_hyp-4_full.tar.bz2:0.08150911331176758:0.0:0.0
miconic-optimal/100/miconic_p01_hyp-1_full.tar.bz2:0.3879516124725342:0.0:0.0
miconic-optimal/100/miconic_p01_hyp-2_full.tar.bz2:0.26862049102783203:0.0:0.0
miconic-optimal/100/miconic_p01_hyp-3_full.tar.bz2:0.26018762588500977:0.0:0.0
miconic-optimal/100/miconic_p01_hyp-4_full.tar.bz2:0.2647404670715332:0.0:0.0
miconic-optimal/100/miconic_p02_hyp-1_full.tar.bz2:0.3096318244934082:0.0:0.0
miconic-optimal/100/miconic_p02_hyp-2_full.tar.bz2:0.26921749114990234:0.0:0.0
miconic-optimal/100/miconic_p02_hyp-3_full.tar.bz2:0.3995649814605713:0.0:0.0
miconic-optimal/100/miconic_p02_hyp-4_full.tar.bz2:0.3333241939544678:0.0:0.0
miconic-optimal/100/miconic_p03_hyp-1_full.tar.bz2:0.1187734603881836:0.0:0.0
miconic-optimal/100/miconic_p03_hyp-2_full.tar.bz2:0.9370038509368896:0.0:0.0
miconic-optimal/100/miconic_p03_hyp-3_full.tar.bz2:0.18798351287841797:0.0:0.0
miconic-optimal/100/miconic_p03_hyp-4_full.tar.bz2:0.11749100685119629:0.0:0.0
miconic-optimal/100/miconic_p01_hyp-1_full.tar.bz2:0.5126819610595703:0.0:0.0
miconic-optimal/100/miconic_p01_hyp-2_full.tar.bz2:0.5423893928527832:0.0:0.0
miconic-optimal/100/miconic_p01_hyp-3_full.tar.bz2:0.5792181491851807:0.0:0.0
miconic-optimal/100/miconic_p01_hyp-4_full.tar.bz2:0.49965691566467285:0.0:0.0
miconic-optimal/100/miconic_p02_hyp-1_full.tar.bz2:0.5694479942321777:0.0:0.0
miconic-optimal/100/miconic_p02_hyp-2_full.tar.bz2:0.7585005760192871:0.0:0.0
miconic-optimal/100/miconic_p02_hyp-3_full.tar.bz2:0.724229097366333:0.0:0.0
miconic-optimal/100/miconic_p02_hyp-4_full.tar.bz2:0.7984573841094971:0.0:0.0
miconic-optimal/100/miconic_p03_hyp-1_full.tar.bz2:0.32741880416870117:0.0:0.0
miconic-optimal/100/miconic_p03_hyp-2_full.tar.bz2:0.2926790714263916:0.0:0.0
miconic-optimal/100/miconic_p03_hyp-3_full.tar.bz2:0.28504109382629395:0.0:0.0
miconic-optimal/100/miconic_p03_hyp-4_full.tar.bz2:0.3706834316253662:0.0:0.0
