miconic-optimal/100/miconic_p01_hyp-1_full.tar.bz2:4.587146759033203:0.0:0.0
miconic-optimal/100/miconic_p01_hyp-2_full.tar.bz2:3.70099139213562:0.0:0.0
miconic-optimal/100/miconic_p01_hyp-3_full.tar.bz2:3.675743341445923:0.0:0.0
miconic-optimal/100/miconic_p01_hyp-4_full.tar.bz2:3.7128984928131104:0.0:0.0
miconic-optimal/100/miconic_p02_hyp-1_full.tar.bz2:3.435049295425415:0.0:0.0
miconic-optimal/100/miconic_p02_hyp-2_full.tar.bz2:3.4458084106445312:0.0:0.0
miconic-optimal/100/miconic_p02_hyp-3_full.tar.bz2:3.455122232437134:0.0:0.0
miconic-optimal/100/miconic_p02_hyp-4_full.tar.bz2:3.4755642414093018:0.0:0.0
miconic-optimal/100/miconic_p03_hyp-1_full.tar.bz2:3.0481903553009033:0.0:0.0
miconic-optimal/100/miconic_p03_hyp-2_full.tar.bz2:3.9457621574401855:0.0:0.0
miconic-optimal/100/miconic_p03_hyp-3_full.tar.bz2:3.114842653274536:0.0:0.0
miconic-optimal/100/miconic_p03_hyp-4_full.tar.bz2:3.176316976547241:0.0:0.0
miconic-optimal/100/miconic_p01_hyp-1_full.tar.bz2:3.6923117637634277:0.0:0.0
miconic-optimal/100/miconic_p01_hyp-2_full.tar.bz2:3.7386958599090576:0.0:0.0
miconic-optimal/100/miconic_p01_hyp-3_full.tar.bz2:3.690894842147827:0.0:0.0
miconic-optimal/100/miconic_p01_hyp-4_full.tar.bz2:3.6841073036193848:0.0:0.0
miconic-optimal/100/miconic_p02_hyp-1_full.tar.bz2:3.4731526374816895:0.0:0.0
miconic-optimal/100/miconic_p02_hyp-2_full.tar.bz2:3.50109601020813:0.0:0.0
miconic-optimal/100/miconic_p02_hyp-3_full.tar.bz2:4.3374645709991455:0.0:0.0
miconic-optimal/100/miconic_p02_hyp-4_full.tar.bz2:3.8172643184661865:0.0:0.0
miconic-optimal/100/miconic_p03_hyp-1_full.tar.bz2:3.0354270935058594:0.0:0.0
miconic-optimal/100/miconic_p03_hyp-2_full.tar.bz2:3.037210464477539:0.0:0.0
miconic-optimal/100/miconic_p03_hyp-3_full.tar.bz2:3.0020360946655273:0.0:0.0
miconic-optimal/100/miconic_p03_hyp-4_full.tar.bz2:3.15565824508667:0.0:0.0
miconic-optimal/100/miconic_p01_hyp-1_full.tar.bz2:3.7228519916534424:0.0:0.0
miconic-optimal/100/miconic_p01_hyp-2_full.tar.bz2:3.6674282550811768:0.0:0.0
miconic-optimal/100/miconic_p01_hyp-3_full.tar.bz2:3.7376699447631836:0.0:0.0
miconic-optimal/100/miconic_p01_hyp-4_full.tar.bz2:4.5700013637542725:0.0:0.0
miconic-optimal/100/miconic_p02_hyp-1_full.tar.bz2:3.4867870807647705:0.0:0.0
miconic-optimal/100/miconic_p02_hyp-2_full.tar.bz2:3.4724414348602295:0.0:0.0
miconic-optimal/100/miconic_p02_hyp-3_full.tar.bz2:3.540858507156372:0.0:0.0
miconic-optimal/100/miconic_p02_hyp-4_full.tar.bz2:3.536837100982666:0.0:0.0
miconic-optimal/100/miconic_p03_hyp-1_full.tar.bz2:3.004318952560425:0.0:0.0
miconic-optimal/100/miconic_p03_hyp-2_full.tar.bz2:3.059091091156006:0.0:0.0
miconic-optimal/100/miconic_p03_hyp-3_full.tar.bz2:3.0694375038146973:0.0:0.0
miconic-optimal/100/miconic_p03_hyp-4_full.tar.bz2:3.034865140914917:0.0:0.0
miconic-optimal/100/miconic_p01_hyp-1_full.tar.bz2:3.7735068798065186:0.0:0.0
miconic-optimal/100/miconic_p01_hyp-2_full.tar.bz2:3.757028579711914:0.0:0.0
miconic-optimal/100/miconic_p01_hyp-3_full.tar.bz2:3.7722718715667725:0.0:0.0
miconic-optimal/100/miconic_p01_hyp-4_full.tar.bz2:3.6776163578033447:0.0:0.0
miconic-optimal/100/miconic_p02_hyp-1_full.tar.bz2:3.5652806758880615:0.0:0.0
miconic-optimal/100/miconic_p02_hyp-2_full.tar.bz2:3.7774274349212646:0.0:0.0
miconic-optimal/100/miconic_p02_hyp-3_full.tar.bz2:3.7203361988067627:0.0:0.0
miconic-optimal/100/miconic_p02_hyp-4_full.tar.bz2:3.656863212585449:0.0:0.0
miconic-optimal/100/miconic_p03_hyp-1_full.tar.bz2:3.052833080291748:0.0:0.0
miconic-optimal/100/miconic_p03_hyp-2_full.tar.bz2:3.0667524337768555:0.0:0.0
miconic-optimal/100/miconic_p03_hyp-3_full.tar.bz2:3.0645523071289062:0.0:0.0
miconic-optimal/100/miconic_p03_hyp-4_full.tar.bz2:4.946482419967651:0.0:0.0
