rovers-optimal/100/rovers_p01_hyp-1_full.tar.bz2:4.43419623374939:0.0:0.0
rovers-optimal/100/rovers_p01_hyp-2_full.tar.bz2:4.492530107498169:0.0:0.0
rovers-optimal/100/rovers_p01_hyp-3_full.tar.bz2:4.660396337509155:0.0:0.0
rovers-optimal/100/rovers_p01_hyp-4_full.tar.bz2:4.384352922439575:0.0:0.0
rovers-optimal/100/rovers_p02_hyp-1_full.tar.bz2:5.9847588539123535:0.0:0.0
rovers-optimal/100/rovers_p02_hyp-2_full.tar.bz2:7.420095443725586:0.0:0.0
rovers-optimal/100/rovers_p02_hyp-3_full.tar.bz2:7.593722581863403:0.0:0.0
rovers-optimal/100/rovers_p02_hyp-4_full.tar.bz2:7.162333726882935:0.0:0.0
rovers-optimal/100/rovers_p03_hyp-1_full.tar.bz2:7.523987054824829:0.0:0.0
rovers-optimal/100/rovers_p03_hyp-2_full.tar.bz2:6.350071668624878:0.0:0.0
rovers-optimal/100/rovers_p03_hyp-3_full.tar.bz2:5.49417519569397:0.0:0.0
rovers-optimal/100/rovers_p03_hyp-4_full.tar.bz2:4.991652488708496:0.0:0.0
rovers-optimal/100/rovers_p01_hyp-1_full.tar.bz2:5.30508279800415:0.0:0.0
rovers-optimal/100/rovers_p01_hyp-2_full.tar.bz2:5.084361791610718:0.0:0.0
rovers-optimal/100/rovers_p01_hyp-3_full.tar.bz2:5.213526964187622:0.0:0.0
rovers-optimal/100/rovers_p01_hyp-4_full.tar.bz2:5.473169326782227:0.0:0.0
rovers-optimal/100/rovers_p02_hyp-1_full.tar.bz2:7.960968017578125:0.0:0.0
rovers-optimal/100/rovers_p02_hyp-2_full.tar.bz2:10.204589366912842:0.0:0.0
rovers-optimal/100/rovers_p02_hyp-3_full.tar.bz2:9.42378544807434:0.0:0.0
rovers-optimal/100/rovers_p02_hyp-4_full.tar.bz2:8.24092721939087:0.0:0.0
rovers-optimal/100/rovers_p03_hyp-1_full.tar.bz2:8.207683324813843:0.0:0.0
rovers-optimal/100/rovers_p03_hyp-2_full.tar.bz2:8.813466548919678:0.0:0.0
rovers-optimal/100/rovers_p03_hyp-3_full.tar.bz2:10.315096378326416:0.0:0.0
rovers-optimal/100/rovers_p03_hyp-4_full.tar.bz2:7.128488779067993:0.0:0.0
rovers-optimal/100/rovers_p01_hyp-1_full.tar.bz2:6.550883769989014:0.0:0.0
rovers-optimal/100/rovers_p01_hyp-2_full.tar.bz2:6.962019681930542:0.0:0.0
rovers-optimal/100/rovers_p01_hyp-3_full.tar.bz2:6.80449104309082:0.0:0.0
rovers-optimal/100/rovers_p01_hyp-4_full.tar.bz2:6.867197751998901:0.0:0.0
rovers-optimal/100/rovers_p02_hyp-1_full.tar.bz2:9.501917839050293:0.0:0.0
rovers-optimal/100/rovers_p02_hyp-2_full.tar.bz2:12.943201303482056:0.0:0.0
rovers-optimal/100/rovers_p02_hyp-3_full.tar.bz2:12.42304253578186:0.0:0.0
rovers-optimal/100/rovers_p02_hyp-4_full.tar.bz2:9.802819013595581:0.0:0.0
rovers-optimal/100/rovers_p03_hyp-1_full.tar.bz2:11.331017255783081:0.0:0.0
rovers-optimal/100/rovers_p03_hyp-2_full.tar.bz2:11.581477403640747:0.0:0.0
rovers-optimal/100/rovers_p03_hyp-3_full.tar.bz2:12.60471796989441:0.0:0.0
rovers-optimal/100/rovers_p03_hyp-4_full.tar.bz2:8.508457899093628:0.0:0.0
rovers-optimal/100/rovers_p01_hyp-1_full.tar.bz2:9.404298543930054:0.0:0.0
rovers-optimal/100/rovers_p01_hyp-2_full.tar.bz2:10.847681283950806:0.0:0.0
rovers-optimal/100/rovers_p01_hyp-3_full.tar.bz2:12.442214012145996:0.0:0.0
rovers-optimal/100/rovers_p01_hyp-4_full.tar.bz2:10.832519292831421:0.0:0.0
rovers-optimal/100/rovers_p02_hyp-1_full.tar.bz2:16.94872498512268:0.0:0.0
rovers-optimal/100/rovers_p02_hyp-2_full.tar.bz2:22.196728706359863:0.0:0.0
rovers-optimal/100/rovers_p02_hyp-3_full.tar.bz2:20.026087284088135:0.0:0.0
rovers-optimal/100/rovers_p02_hyp-4_full.tar.bz2:19.22049331665039:0.0:0.0
rovers-optimal/100/rovers_p03_hyp-1_full.tar.bz2:18.461869478225708:0.0:0.0
rovers-optimal/100/rovers_p03_hyp-2_full.tar.bz2:24.599124431610107:0.0:0.0
rovers-optimal/100/rovers_p03_hyp-3_full.tar.bz2:21.165175914764404:0.0:0.0
rovers-optimal/100/rovers_p03_hyp-4_full.tar.bz2:16.319600343704224:0.0:0.0
