rovers-optimal/100/rovers_p01_hyp-1_full.tar.bz2:136.64845442771912:0.0:0.0
rovers-optimal/100/rovers_p01_hyp-2_full.tar.bz2:133.92945647239685:0.0:0.0
rovers-optimal/100/rovers_p01_hyp-3_full.tar.bz2:135.25800943374634:0.0:0.0
rovers-optimal/100/rovers_p01_hyp-4_full.tar.bz2:168.4462912082672:0.0:0.0
rovers-optimal/100/rovers_p02_hyp-1_full.tar.bz2:284.78182673454285:0.0:0.0
rovers-optimal/100/rovers_p02_hyp-2_full.tar.bz2:281.4409086704254:0.0:0.0
rovers-optimal/100/rovers_p02_hyp-3_full.tar.bz2:313.8148777484894:0.0:0.0
rovers-optimal/100/rovers_p02_hyp-4_full.tar.bz2:262.8871054649353:0.0:0.0
rovers-optimal/100/rovers_p03_hyp-1_full.tar.bz2:260.04722261428833:0.0:0.0
rovers-optimal/100/rovers_p03_hyp-2_full.tar.bz2:303.9801256656647:0.0:0.0
rovers-optimal/100/rovers_p03_hyp-3_full.tar.bz2:258.851291179657:0.0:0.0
rovers-optimal/100/rovers_p03_hyp-4_full.tar.bz2:259.7690420150757:0.0:0.0
rovers-optimal/100/rovers_p01_hyp-1_full.tar.bz2:138.27209568023682:0.0:0.0
rovers-optimal/100/rovers_p01_hyp-2_full.tar.bz2:141.0002007484436:0.0:0.0
rovers-optimal/100/rovers_p01_hyp-3_full.tar.bz2:136.89789533615112:0.0:0.0
rovers-optimal/100/rovers_p01_hyp-4_full.tar.bz2:153.04369926452637:0.0:0.0
rovers-optimal/100/rovers_p02_hyp-1_full.tar.bz2:293.1423354148865:0.0:0.0
rovers-optimal/100/rovers_p02_hyp-2_full.tar.bz2:301.94755244255066:0.0:0.0
rovers-optimal/100/rovers_p02_hyp-3_full.tar.bz2:275.33861804008484:0.0:0.0
rovers-optimal/100/rovers_p02_hyp-4_full.tar.bz2:295.31711292266846:0.0:0.0
rovers-optimal/100/rovers_p03_hyp-1_full.tar.bz2:250.6381824016571:0.0:0.0
rovers-optimal/100/rovers_p03_hyp-2_full.tar.bz2:265.0306484699249:0.0:0.0
rovers-optimal/100/rovers_p03_hyp-3_full.tar.bz2:266.53741097450256:0.0:0.0
rovers-optimal/100/rovers_p03_hyp-4_full.tar.bz2:256.2244198322296:0.0:0.0
rovers-optimal/100/rovers_p01_hyp-1_full.tar.bz2:138.3880808353424:0.0:0.0
rovers-optimal/100/rovers_p01_hyp-2_full.tar.bz2:137.0885305404663:0.0:0.0
rovers-optimal/100/rovers_p01_hyp-3_full.tar.bz2:135.81872415542603:0.0:0.0
rovers-optimal/100/rovers_p01_hyp-4_full.tar.bz2:143.9292402267456:0.0:0.0
rovers-optimal/100/rovers_p02_hyp-1_full.tar.bz2:257.05751276016235:0.0:0.0
rovers-optimal/100/rovers_p02_hyp-2_full.tar.bz2:255.33046102523804:0.0:0.0
rovers-optimal/100/rovers_p02_hyp-3_full.tar.bz2:251.85661244392395:0.0:0.0
rovers-optimal/100/rovers_p02_hyp-4_full.tar.bz2:248.9331738948822:0.0:0.0
rovers-optimal/100/rovers_p03_hyp-1_full.tar.bz2:251.59501886367798:0.0:0.0
rovers-optimal/100/rovers_p03_hyp-2_full.tar.bz2:251.51121401786804:0.0:0.0
rovers-optimal/100/rovers_p03_hyp-3_full.tar.bz2:249.07627129554749:0.0:0.0
rovers-optimal/100/rovers_p03_hyp-4_full.tar.bz2:251.0933873653412:0.0:0.0
rovers-optimal/100/rovers_p01_hyp-1_full.tar.bz2:132.87386083602905:0.0:0.0
rovers-optimal/100/rovers_p01_hyp-2_full.tar.bz2:131.79589438438416:0.0:0.0
rovers-optimal/100/rovers_p01_hyp-3_full.tar.bz2:132.52060270309448:0.0:0.0
rovers-optimal/100/rovers_p01_hyp-4_full.tar.bz2:137.38693761825562:0.0:0.0
rovers-optimal/100/rovers_p02_hyp-1_full.tar.bz2:275.381019115448:0.0:0.0
rovers-optimal/100/rovers_p02_hyp-2_full.tar.bz2:272.2063820362091:0.0:0.0
rovers-optimal/100/rovers_p02_hyp-3_full.tar.bz2:307.38157844543457:0.0:0.0
rovers-optimal/100/rovers_p02_hyp-4_full.tar.bz2:286.0479140281677:0.0:0.0
rovers-optimal/100/rovers_p03_hyp-1_full.tar.bz2:281.02171444892883:0.0:0.0
rovers-optimal/100/rovers_p03_hyp-2_full.tar.bz2:278.010715007782:0.0:0.0
rovers-optimal/100/rovers_p03_hyp-3_full.tar.bz2:263.4378800392151:0.0:0.0
rovers-optimal/100/rovers_p03_hyp-4_full.tar.bz2:264.7081232070923:0.0:0.0
