rovers-optimal/100/rovers_p01_hyp-1_full.tar.bz2:11.002096176147461:0.0:0.0
rovers-optimal/100/rovers_p01_hyp-2_full.tar.bz2:15.44778823852539:0.0:0.0
rovers-optimal/100/rovers_p01_hyp-3_full.tar.bz2:15.137544393539429:0.0:0.0
rovers-optimal/100/rovers_p01_hyp-4_full.tar.bz2:11.830408811569214:0.0:0.0
rovers-optimal/100/rovers_p02_hyp-1_full.tar.bz2:16.091270208358765:0.0:0.0
rovers-optimal/100/rovers_p02_hyp-2_full.tar.bz2:19.10938811302185:0.0:0.0
rovers-optimal/100/rovers_p02_hyp-3_full.tar.bz2:19.093000888824463:0.0:0.0
rovers-optimal/100/rovers_p02_hyp-4_full.tar.bz2:19.34368062019348:0.0:0.0
rovers-optimal/100/rovers_p03_hyp-1_full.tar.bz2:15.715980529785156:0.0:0.0
rovers-optimal/100/rovers_p03_hyp-2_full.tar.bz2:19.561667919158936:0.0:0.0
rovers-optimal/100/rovers_p03_hyp-3_full.tar.bz2:19.078750610351562:0.0:0.0
rovers-optimal/100/rovers_p03_hyp-4_full.tar.bz2:15.611488103866577:0.0:0.0
rovers-optimal/100/rovers_p01_hyp-1_full.tar.bz2:18.905677556991577:0.0:0.0
rovers-optimal/100/rovers_p01_hyp-2_full.tar.bz2:19.752512216567993:0.0:0.0
rovers-optimal/100/rovers_p01_hyp-3_full.tar.bz2:19.930548667907715:0.0:0.0
rovers-optimal/100/rovers_p01_hyp-4_full.tar.bz2:20.204040050506592:0.0:0.0
rovers-optimal/100/rovers_p02_hyp-1_full.tar.bz2:28.91540789604187:0.0:0.0
rovers-optimal/100/rovers_p02_hyp-2_full.tar.bz2:27.664435386657715:0.0:0.0
rovers-optimal/100/rovers_p02_hyp-3_full.tar.bz2:27.07819175720215:0.0:0.0
rovers-optimal/100/rovers_p02_hyp-4_full.tar.bz2:28.11847448348999:0.0:0.0
rovers-optimal/100/rovers_p03_hyp-1_full.tar.bz2:29.211302518844604:0.0:0.0
rovers-optimal/100/rovers_p03_hyp-2_full.tar.bz2:27.607778072357178:0.0:0.0
rovers-optimal/100/rovers_p03_hyp-3_full.tar.bz2:27.569528579711914:0.0:0.0
rovers-optimal/100/rovers_p03_hyp-4_full.tar.bz2:28.752893924713135:0.0:0.0
rovers-optimal/100/rovers_p01_hyp-1_full.tar.bz2:26.62003207206726:0.0:0.0
rovers-optimal/100/rovers_p01_hyp-2_full.tar.bz2:28.10179591178894:0.0:0.0
rovers-optimal/100/rovers_p01_hyp-3_full.tar.bz2:28.183594226837158:0.0:0.0
rovers-optimal/100/rovers_p01_hyp-4_full.tar.bz2:31.244052410125732:0.0:0.0
rovers-optimal/100/rovers_p02_hyp-1_full.tar.bz2:38.89722394943237:0.0:0.0
rovers-optimal/100/rovers_p02_hyp-2_full.tar.bz2:41.191766023635864:0.0:0.0
rovers-optimal/100/rovers_p02_hyp-3_full.tar.bz2:41.74106431007385:0.0:0.0
rovers-optimal/100/rovers_p02_hyp-4_full.tar.bz2:37.50429701805115:0.0:0.0
rovers-optimal/100/rovers_p03_hyp-1_full.tar.bz2:48.00002646446228:0.0:0.0
rovers-optimal/100/rovers_p03_hyp-2_full.tar.bz2:37.67682909965515:0.0:0.0
rovers-optimal/100/rovers_p03_hyp-3_full.tar.bz2:41.33881115913391:0.0:0.0
rovers-optimal/100/rovers_p03_hyp-4_full.tar.bz2:38.5137038230896:0.0:0.0
rovers-optimal/100/rovers_p01_hyp-1_full.tar.bz2:45.28238487243652:0.0:0.0
rovers-optimal/100/rovers_p01_hyp-2_full.tar.bz2:51.041834592819214:0.0:0.0
rovers-optimal/100/rovers_p01_hyp-3_full.tar.bz2:50.089487075805664:0.0:0.0
rovers-optimal/100/rovers_p01_hyp-4_full.tar.bz2:47.089866638183594:0.0:0.0
rovers-optimal/100/rovers_p02_hyp-1_full.tar.bz2:88.63117527961731:0.0:0.0
rovers-optimal/100/rovers_p02_hyp-2_full.tar.bz2:96.47294092178345:0.0:0.0
rovers-optimal/100/rovers_p02_hyp-3_full.tar.bz2:95.47513771057129:0.0:0.0
rovers-optimal/100/rovers_p02_hyp-4_full.tar.bz2:94.63579845428467:0.0:0.0
rovers-optimal/100/rovers_p03_hyp-1_full.tar.bz2:97.60735940933228:0.0:0.0
rovers-optimal/100/rovers_p03_hyp-2_full.tar.bz2:93.79424905776978:0.0:0.0
rovers-optimal/100/rovers_p03_hyp-3_full.tar.bz2:96.01674008369446:0.0:0.0
rovers-optimal/100/rovers_p03_hyp-4_full.tar.bz2:88.68505454063416:0.0:0.0
