rovers-optimal/100/rovers_p01_hyp-1_full.tar.bz2:122.03730463981628:0.0:0.0
rovers-optimal/100/rovers_p01_hyp-2_full.tar.bz2:121.89205384254456:0.0:0.0
rovers-optimal/100/rovers_p01_hyp-3_full.tar.bz2:119.74979305267334:0.0:0.0
rovers-optimal/100/rovers_p01_hyp-4_full.tar.bz2:121.26579093933105:0.0:0.0
rovers-optimal/100/rovers_p02_hyp-1_full.tar.bz2:230.08806681632996:0.0:0.0
rovers-optimal/100/rovers_p02_hyp-2_full.tar.bz2:228.84726428985596:0.0:0.0
rovers-optimal/100/rovers_p02_hyp-3_full.tar.bz2:229.61467599868774:0.0:0.0
rovers-optimal/100/rovers_p02_hyp-4_full.tar.bz2:233.95076847076416:0.0:0.0
rovers-optimal/100/rovers_p03_hyp-1_full.tar.bz2:229.49421191215515:0.0:0.0
rovers-optimal/100/rovers_p03_hyp-2_full.tar.bz2:237.92069959640503:0.0:0.0
rovers-optimal/100/rovers_p03_hyp-3_full.tar.bz2:230.65024185180664:0.0:0.0
rovers-optimal/100/rovers_p03_hyp-4_full.tar.bz2:231.72880244255066:0.0:0.0
rovers-optimal/100/rovers_p01_hyp-1_full.tar.bz2:142.41601729393005:0.0:0.0
rovers-optimal/100/rovers_p01_hyp-2_full.tar.bz2:122.35016798973083:0.0:0.0
rovers-optimal/100/rovers_p01_hyp-3_full.tar.bz2:121.2550721168518:0.0:0.0
rovers-optimal/100/rovers_p01_hyp-4_full.tar.bz2:124.16567659378052:0.0:0.0
rovers-optimal/100/rovers_p02_hyp-1_full.tar.bz2:234.60304307937622:0.0:0.0
rovers-optimal/100/rovers_p02_hyp-2_full.tar.bz2:231.70828771591187:0.0:0.0
rovers-optimal/100/rovers_p02_hyp-3_full.tar.bz2:232.56492519378662:0.0:0.0
rovers-optimal/100/rovers_p02_hyp-4_full.tar.bz2:230.61391067504883:0.0:0.0
rovers-optimal/100/rovers_p03_hyp-1_full.tar.bz2:230.44481897354126:0.0:0.0
rovers-optimal/100/rovers_p03_hyp-2_full.tar.bz2:230.28894543647766:0.0:0.0
rovers-optimal/100/rovers_p03_hyp-3_full.tar.bz2:232.01268553733826:0.0:0.0
rovers-optimal/100/rovers_p03_hyp-4_full.tar.bz2:230.29902935028076:0.0:0.0
rovers-optimal/100/rovers_p01_hyp-1_full.tar.bz2:121.32073450088501:0.0:0.0
rovers-optimal/100/rovers_p01_hyp-2_full.tar.bz2:121.95630550384521:0.0:0.0
rovers-optimal/100/rovers_p01_hyp-3_full.tar.bz2:130.9629030227661:0.0:0.0
rovers-optimal/100/rovers_p01_hyp-4_full.tar.bz2:131.06926798820496:0.0:0.0
rovers-optimal/100/rovers_p02_hyp-1_full.tar.bz2:250.8190472126007:0.0:0.0
rovers-optimal/100/rovers_p02_hyp-2_full.tar.bz2:249.71329832077026:0.0:0.0
rovers-optimal/100/rovers_p02_hyp-3_full.tar.bz2:250.44002866744995:0.0:0.0
rovers-optimal/100/rovers_p02_hyp-4_full.tar.bz2:251.93140721321106:0.0:0.0
rovers-optimal/100/rovers_p03_hyp-1_full.tar.bz2:276.24214911460876:0.0:0.0
rovers-optimal/100/rovers_p03_hyp-2_full.tar.bz2:268.00101113319397:0.0:0.0
rovers-optimal/100/rovers_p03_hyp-3_full.tar.bz2:271.82674050331116:0.0:0.0
rovers-optimal/100/rovers_p03_hyp-4_full.tar.bz2:271.545818567276:0.0:0.0
rovers-optimal/100/rovers_p01_hyp-1_full.tar.bz2:143.0689239501953:0.0:0.0
rovers-optimal/100/rovers_p01_hyp-2_full.tar.bz2:144.97404098510742:0.0:0.0
rovers-optimal/100/rovers_p01_hyp-3_full.tar.bz2:147.5243580341339:0.0:0.0
rovers-optimal/100/rovers_p01_hyp-4_full.tar.bz2:143.34080862998962:0.0:0.0
rovers-optimal/100/rovers_p02_hyp-1_full.tar.bz2:276.82192158699036:0.0:0.0
rovers-optimal/100/rovers_p02_hyp-2_full.tar.bz2:278.05135893821716:0.0:0.0
rovers-optimal/100/rovers_p02_hyp-3_full.tar.bz2:252.51077675819397:0.0:0.0
rovers-optimal/100/rovers_p02_hyp-4_full.tar.bz2:256.3339874744415:0.0:0.0
rovers-optimal/100/rovers_p03_hyp-1_full.tar.bz2:267.6452739238739:0.0:0.0
rovers-optimal/100/rovers_p03_hyp-2_full.tar.bz2:258.41952109336853:0.0:0.0
rovers-optimal/100/rovers_p03_hyp-3_full.tar.bz2:258.3142898082733:0.0:0.0
rovers-optimal/100/rovers_p03_hyp-4_full.tar.bz2:256.5146150588989:0.0:0.0
