rovers-optimal/100/rovers_p01_hyp-1_full.tar.bz2:0.5285079479217529:0.0:0.0
rovers-optimal/100/rovers_p01_hyp-2_full.tar.bz2:0.16602802276611328:0.0:0.0
rovers-optimal/100/rovers_p01_hyp-3_full.tar.bz2:0.09175491333007812:0.0:0.0
rovers-optimal/100/rovers_p01_hyp-4_full.tar.bz2:0.12375402450561523:0.0:0.0
rovers-optimal/100/rovers_p02_hyp-1_full.tar.bz2:0.09143877029418945:0.0:0.0
rovers-optimal/100/rovers_p02_hyp-2_full.tar.bz2:0.11591267585754395:0.0:0.0
rovers-optimal/100/rovers_p02_hyp-3_full.tar.bz2:0.25887131690979004:0.0:0.0
rovers-optimal/100/rovers_p02_hyp-4_full.tar.bz2:0.08816075325012207:0.0:0.0
rovers-optimal/100/rovers_p03_hyp-1_full.tar.bz2:0.1737520694732666:0.0:0.0
rovers-optimal/100/rovers_p03_hyp-2_full.tar.bz2:0.08005976676940918:0.0:0.0
rovers-optimal/100/rovers_p03_hyp-3_full.tar.bz2:0.1512603759765625:0.0:0.0
rovers-optimal/100/rovers_p03_hyp-4_full.tar.bz2:0.05864071846008301:0.0:0.0
rovers-optimal/100/rovers_p01_hyp-1_full.tar.bz2:0.05087018013000488:0.0:0.0
rovers-optimal/100/rovers_p01_hyp-2_full.tar.bz2:0.0450129508972168:0.0:0.0
rovers-optimal/100/rovers_p01_hyp-3_full.tar.bz2:0.058051347732543945:0.0:0.0
rovers-optimal/100/rovers_p01_hyp-4_full.tar.bz2:0.0775749683380127:0.0:0.0
rovers-optimal/100/rovers_p02_hyp-1_full.tar.bz2:0.14064741134643555:0.0:0.0
rovers-optimal/100/rovers_p02_hyp-2_full.tar.bz2:0.28931093215942383:0.0:0.0
rovers-optimal/100/rovers_p02_hyp-3_full.tar.bz2:0.13306522369384766:0.0:0.0
rovers-optimal/100/rovers_p02_hyp-4_full.tar.bz2:0.1040184497833252:0.0:0.0
rovers-optimal/100/rovers_p03_hyp-1_full.tar.bz2:0.3521571159362793:0.0:0.0
rovers-optimal/100/rovers_p03_hyp-2_full.tar.bz2:0.1271061897277832:0.0:0.0
rovers-optimal/100/rovers_p03_hyp-3_full.tar.bz2:0.14013147354125977:0.0:0.0
rovers-optimal/100/rovers_p03_hyp-4_full.tar.bz2:0.11994004249572754:0.0:0.0
rovers-optimal/100/rovers_p01_hyp-1_full.tar.bz2:0.28757667541503906:0.0:0.0
rovers-optimal/100/rovers_p01_hyp-2_full.tar.bz2:0.08549928665161133:0.0:0.0
rovers-optimal/100/rovers_p01_hyp-3_full.tar.bz2:0.07801628112792969:0.0:0.0
rovers-optimal/100/rovers_p01_hyp-4_full.tar.bz2:0.09016060829162598:0.0:0.0
rovers-optimal/100/rovers_p02_hyp-1_full.tar.bz2:0.21428418159484863:0.0:0.0
rovers-optimal/100/rovers_p02_hyp-2_full.tar.bz2:0.29996752738952637:0.0:0.0
rovers-optimal/100/rovers_p02_hyp-3_full.tar.bz2:0.1658170223236084:0.0:0.0
rovers-optimal/100/rovers_p02_hyp-4_full.tar.bz2:0.2520122528076172:0.0:0.0
rovers-optimal/100/rovers_p03_hyp-1_full.tar.bz2:0.14418363571166992:0.0:0.0
rovers-optimal/100/rovers_p03_hyp-2_full.tar.bz2:0.13869333267211914:0.0:0.0
rovers-optimal/100/rovers_p03_hyp-3_full.tar.bz2:0.2856442928314209:0.0:0.0
rovers-optimal/100/rovers_p03_hyp-4_full.tar.bz2:0.227827787399292:0.0:0.0
rovers-optimal/100/rovers_p01_hyp-1_full.tar.bz2:0.15660548210144043:0.0:0.0
rovers-optimal/100/rovers_p01_hyp-2_full.tar.bz2:0.24468779563903809:0.0:0.0
rovers-optimal/100/rovers_p01_hyp-3_full.tar.bz2:0.1336045265197754:0.0:0.0
rovers-optimal/100/rovers_p01_hyp-4_full.tar.bz2:0.13051199913024902:0.0:0.0
rovers-optimal/100/rovers_p02_hyp-1_full.tar.bz2:0.3812217712402344:0.0:0.0
rovers-optimal/100/rovers_p02_hyp-2_full.tar.bz2:0.4023122787475586:0.0:0.0
rovers-optimal/100/rovers_p02_hyp-3_full.tar.bz2:0.30112719535827637:0.0:0.0
rovers-optimal/100/rovers_p02_hyp-4_full.tar.bz2:0.32744765281677246:0.0:0.0
rovers-optimal/100/rovers_p03_hyp-1_full.tar.bz2:0.28575730323791504:0.0:0.0
rovers-optimal/100/rovers_p03_hyp-2_full.tar.bz2:0.25472593307495117:0.0:0.0
rovers-optimal/100/rovers_p03_hyp-3_full.tar.bz2:0.404247522354126:0.0:0.0
rovers-optimal/100/rovers_p03_hyp-4_full.tar.bz2:0.33576178550720215:0.0:0.0
