satellite-optimal/100/satellite_p01_hyp-1_full.tar.bz2:5.041295051574707:0.0:0.0
satellite-optimal/100/satellite_p01_hyp-2_full.tar.bz2:4.584636926651001:0.0:0.0
satellite-optimal/100/satellite_p01_hyp-3_full.tar.bz2:4.472002029418945:0.0:0.0
satellite-optimal/100/satellite_p01_hyp-4_full.tar.bz2:4.550946950912476:0.0:0.0
satellite-optimal/100/satellite_p02_hyp-1_full.tar.bz2:15.709352493286133:0.0:0.0
satellite-optimal/100/satellite_p02_hyp-2_full.tar.bz2:14.498532772064209:0.0:0.0
satellite-optimal/100/satellite_p02_hyp-3_full.tar.bz2:14.759979724884033:0.0:0.0
satellite-optimal/100/satellite_p02_hyp-4_full.tar.bz2:14.591225862503052:0.0:0.0
satellite-optimal/100/satellite_p03_hyp-1_full.tar.bz2:5.116871118545532:0.0:0.0
satellite-optimal/100/satellite_p03_hyp-2_full.tar.bz2:5.114922285079956:0.0:0.0
satellite-optimal/100/satellite_p03_hyp-3_full.tar.bz2:5.1700215339660645:0.0:0.0
satellite-optimal/100/satellite_p03_hyp-4_full.tar.bz2:5.115423917770386:0.0:0.0
satellite-optimal/100/satellite_p01_hyp-1_full.tar.bz2:5.556865453720093:0.0:0.0
satellite-optimal/100/satellite_p01_hyp-2_full.tar.bz2:5.0173492431640625:0.0:0.0
satellite-optimal/100/satellite_p01_hyp-3_full.tar.bz2:6.116416931152344:0.0:0.0
satellite-optimal/100/satellite_p01_hyp-4_full.tar.bz2:7.18107008934021:0.0:0.0
satellite-optimal/100/satellite_p02_hyp-1_full.tar.bz2:17.83886480331421:0.0:0.0
satellite-optimal/100/satellite_p02_hyp-2_full.tar.bz2:18.032246351242065:0.0:0.0
satellite-optimal/100/satellite_p02_hyp-3_full.tar.bz2:17.554308652877808:0.0:0.0
satellite-optimal/100/satellite_p02_hyp-4_full.tar.bz2:18.66232442855835:0.0:0.0
satellite-optimal/100/satellite_p03_hyp-1_full.tar.bz2:5.540189743041992:0.0:0.0
satellite-optimal/100/satellite_p03_hyp-2_full.tar.bz2:6.221557378768921:0.0:0.0
satellite-optimal/100/satellite_p03_hyp-3_full.tar.bz2:5.438499689102173:0.0:0.0
satellite-optimal/100/satellite_p03_hyp-4_full.tar.bz2:6.839572906494141:0.0:0.0
satellite-optimal/100/satellite_p01_hyp-1_full.tar.bz2:6.6386425495147705:0.0:0.0
satellite-optimal/100/satellite_p01_hyp-2_full.tar.bz2:6.149772882461548:0.0:0.0
satellite-optimal/100/satellite_p01_hyp-3_full.tar.bz2:7.071221828460693:0.0:0.0
satellite-optimal/100/satellite_p01_hyp-4_full.tar.bz2:6.967912197113037:0.0:0.0
satellite-optimal/100/satellite_p02_hyp-1_full.tar.bz2:20.36050534248352:0.0:0.0
satellite-optimal/100/satellite_p02_hyp-2_full.tar.bz2:19.0909206867218:0.0:0.0
satellite-optimal/100/satellite_p02_hyp-3_full.tar.bz2:20.172298908233643:0.0:0.0
satellite-optimal/100/satellite_p02_hyp-4_full.tar.bz2:20.55245304107666:0.0:0.0
satellite-optimal/100/satellite_p03_hyp-1_full.tar.bz2:7.36984920501709:0.0:0.0
satellite-optimal/100/satellite_p03_hyp-2_full.tar.bz2:7.170245885848999:0.0:0.0
satellite-optimal/100/satellite_p03_hyp-3_full.tar.bz2:6.393434762954712:0.0:0.0
satellite-optimal/100/satellite_p03_hyp-4_full.tar.bz2:7.83846116065979:0.0:0.0
satellite-optimal/100/satellite_p01_hyp-1_full.tar.bz2:8.269759893417358:0.0:0.0
satellite-optimal/100/satellite_p01_hyp-2_full.tar.bz2:7.558054447174072:0.0:0.0
satellite-optimal/100/satellite_p01_hyp-3_full.tar.bz2:9.18571424484253:0.0:0.0
satellite-optimal/100/satellite_p01_hyp-4_full.tar.bz2:9.106289863586426:0.0:0.0
satellite-optimal/100/satellite_p02_hyp-1_full.tar.bz2:21.173478841781616:0.0:0.0
satellite-optimal/100/satellite_p02_hyp-2_full.tar.bz2:22.3903546333313:0.0:0.0
satellite-optimal/100/satellite_p02_hyp-3_full.tar.bz2:22.35252332687378:0.0:0.0
satellite-optimal/100/satellite_p02_hyp-4_full.tar.bz2:23.320520162582397:0.0:0.0
satellite-optimal/100/satellite_p03_hyp-1_full.tar.bz2:7.8673319816589355:0.0:0.0
satellite-optimal/100/satellite_p03_hyp-2_full.tar.bz2:9.306530952453613:0.0:0.0
satellite-optimal/100/satellite_p03_hyp-3_full.tar.bz2:7.672480821609497:0.0:0.0
satellite-optimal/100/satellite_p03_hyp-4_full.tar.bz2:9.199742078781128:0.0:0.0
