satellite-optimal/100/satellite_p01_hyp-1_full.tar.bz2:14.587622880935669:0.0:0.0
satellite-optimal/100/satellite_p01_hyp-2_full.tar.bz2:13.975580930709839:0.0:0.0
satellite-optimal/100/satellite_p01_hyp-3_full.tar.bz2:14.135816097259521:0.0:0.0
satellite-optimal/100/satellite_p01_hyp-4_full.tar.bz2:14.024877071380615:0.0:0.0
satellite-optimal/100/satellite_p02_hyp-1_full.tar.bz2:17.59890604019165:0.0:0.0
satellite-optimal/100/satellite_p02_hyp-2_full.tar.bz2:17.04452419281006:0.0:0.0
satellite-optimal/100/satellite_p02_hyp-3_full.tar.bz2:17.306946992874146:0.0:0.0
satellite-optimal/100/satellite_p02_hyp-4_full.tar.bz2:17.289110898971558:0.0:0.0
satellite-optimal/100/satellite_p03_hyp-1_full.tar.bz2:11.922429323196411:0.0:0.0
satellite-optimal/100/satellite_p03_hyp-2_full.tar.bz2:11.954922914505005:0.0:0.0
satellite-optimal/100/satellite_p03_hyp-3_full.tar.bz2:12.134881258010864:0.0:0.0
satellite-optimal/100/satellite_p03_hyp-4_full.tar.bz2:11.903391122817993:0.0:0.0
satellite-optimal/100/satellite_p01_hyp-1_full.tar.bz2:21.37411332130432:0.0:0.0
satellite-optimal/100/satellite_p01_hyp-2_full.tar.bz2:17.44408655166626:0.0:0.0
satellite-optimal/100/satellite_p01_hyp-3_full.tar.bz2:21.562127828598022:0.0:0.0
satellite-optimal/100/satellite_p01_hyp-4_full.tar.bz2:24.557221174240112:0.0:0.0
satellite-optimal/100/satellite_p02_hyp-1_full.tar.bz2:24.231362104415894:0.0:0.0
satellite-optimal/100/satellite_p02_hyp-2_full.tar.bz2:23.747331857681274:0.0:0.0
satellite-optimal/100/satellite_p02_hyp-3_full.tar.bz2:23.80605936050415:0.0:0.0
satellite-optimal/100/satellite_p02_hyp-4_full.tar.bz2:24.37053394317627:0.0:0.0
satellite-optimal/100/satellite_p03_hyp-1_full.tar.bz2:14.911104679107666:0.0:0.0
satellite-optimal/100/satellite_p03_hyp-2_full.tar.bz2:14.819648027420044:0.0:0.0
satellite-optimal/100/satellite_p03_hyp-3_full.tar.bz2:15.12368893623352:0.0:0.0
satellite-optimal/100/satellite_p03_hyp-4_full.tar.bz2:18.53166174888611:0.0:0.0
satellite-optimal/100/satellite_p01_hyp-1_full.tar.bz2:28.416455507278442:0.0:0.0
satellite-optimal/100/satellite_p01_hyp-2_full.tar.bz2:24.823999166488647:0.0:0.0
satellite-optimal/100/satellite_p01_hyp-3_full.tar.bz2:27.998716831207275:0.0:0.0
satellite-optimal/100/satellite_p01_hyp-4_full.tar.bz2:34.50522422790527:0.0:0.0
satellite-optimal/100/satellite_p02_hyp-1_full.tar.bz2:34.21450972557068:0.0:0.0
satellite-optimal/100/satellite_p02_hyp-2_full.tar.bz2:33.72668194770813:0.0:0.0
satellite-optimal/100/satellite_p02_hyp-3_full.tar.bz2:33.78613257408142:0.0:0.0
satellite-optimal/100/satellite_p02_hyp-4_full.tar.bz2:33.92880868911743:0.0:0.0
satellite-optimal/100/satellite_p03_hyp-1_full.tar.bz2:21.46430730819702:0.0:0.0
satellite-optimal/100/satellite_p03_hyp-2_full.tar.bz2:21.815692901611328:0.0:0.0
satellite-optimal/100/satellite_p03_hyp-3_full.tar.bz2:21.384805917739868:0.0:0.0
satellite-optimal/100/satellite_p03_hyp-4_full.tar.bz2:25.31136965751648:0.0:0.0
satellite-optimal/100/satellite_p01_hyp-1_full.tar.bz2:38.38526892662048:0.0:0.0
satellite-optimal/100/satellite_p01_hyp-2_full.tar.bz2:35.813942432403564:0.0:0.0
satellite-optimal/100/satellite_p01_hyp-3_full.tar.bz2:39.05130410194397:0.0:0.0
satellite-optimal/100/satellite_p01_hyp-4_full.tar.bz2:42.07798480987549:0.0:0.0
satellite-optimal/100/satellite_p02_hyp-1_full.tar.bz2:47.60491371154785:0.0:0.0
satellite-optimal/100/satellite_p02_hyp-2_full.tar.bz2:47.17990779876709:0.0:0.0
satellite-optimal/100/satellite_p02_hyp-3_full.tar.bz2:47.78431463241577:0.0:0.0
satellite-optimal/100/satellite_p02_hyp-4_full.tar.bz2:47.380396366119385:0.0:0.0
satellite-optimal/100/satellite_p03_hyp-1_full.tar.bz2:31.87458372116089:0.0:0.0
satellite-optimal/100/satellite_p03_hyp-2_full.tar.bz2:31.87981390953064:0.0:0.0
satellite-optimal/100/satellite_p03_hyp-3_full.tar.bz2:31.64394187927246:0.0:0.0
satellite-optimal/100/satellite_p03_hyp-4_full.tar.bz2:34.83592510223389:0.0:0.0
