satellite-optimal/100/satellite_p01_hyp-1_full.tar.bz2:5.305828332901001:0.0:0.0
satellite-optimal/100/satellite_p01_hyp-2_full.tar.bz2:4.626214265823364:0.0:0.0
satellite-optimal/100/satellite_p01_hyp-3_full.tar.bz2:5.181652784347534:0.0:0.0
satellite-optimal/100/satellite_p01_hyp-4_full.tar.bz2:5.154951810836792:0.0:0.0
satellite-optimal/100/satellite_p02_hyp-1_full.tar.bz2:5.16706657409668:0.0:0.0
satellite-optimal/100/satellite_p02_hyp-2_full.tar.bz2:5.2713422775268555:0.0:0.0
satellite-optimal/100/satellite_p02_hyp-3_full.tar.bz2:6.272273302078247:0.0:0.0
satellite-optimal/100/satellite_p02_hyp-4_full.tar.bz2:5.813196182250977:0.0:0.0
satellite-optimal/100/satellite_p03_hyp-1_full.tar.bz2:4.228790998458862:0.0:0.0
satellite-optimal/100/satellite_p03_hyp-2_full.tar.bz2:4.593529939651489:0.0:0.0
satellite-optimal/100/satellite_p03_hyp-3_full.tar.bz2:4.284019231796265:0.0:0.0
satellite-optimal/100/satellite_p03_hyp-4_full.tar.bz2:4.262508869171143:0.0:0.0
satellite-optimal/100/satellite_p01_hyp-1_full.tar.bz2:5.469691038131714:0.0:0.0
satellite-optimal/100/satellite_p01_hyp-2_full.tar.bz2:6.172712802886963:0.0:0.0
satellite-optimal/100/satellite_p01_hyp-3_full.tar.bz2:5.222755670547485:0.0:0.0
satellite-optimal/100/satellite_p01_hyp-4_full.tar.bz2:4.974547386169434:0.0:0.0
satellite-optimal/100/satellite_p02_hyp-1_full.tar.bz2:5.482089996337891:0.0:0.0
satellite-optimal/100/satellite_p02_hyp-2_full.tar.bz2:5.535743951797485:0.0:0.0
satellite-optimal/100/satellite_p02_hyp-3_full.tar.bz2:6.552536725997925:0.0:0.0
satellite-optimal/100/satellite_p02_hyp-4_full.tar.bz2:5.5604658126831055:0.0:0.0
satellite-optimal/100/satellite_p03_hyp-1_full.tar.bz2:4.02410364151001:0.0:0.0
satellite-optimal/100/satellite_p03_hyp-2_full.tar.bz2:4.4828057289123535:0.0:0.0
satellite-optimal/100/satellite_p03_hyp-3_full.tar.bz2:3.923816442489624:0.0:0.0
satellite-optimal/100/satellite_p03_hyp-4_full.tar.bz2:4.078942537307739:0.0:0.0
satellite-optimal/100/satellite_p01_hyp-1_full.tar.bz2:4.836779356002808:0.0:0.0
satellite-optimal/100/satellite_p01_hyp-2_full.tar.bz2:5.340903997421265:0.0:0.0
satellite-optimal/100/satellite_p01_hyp-3_full.tar.bz2:5.171971559524536:0.0:0.0
satellite-optimal/100/satellite_p01_hyp-4_full.tar.bz2:5.130981683731079:0.0:0.0
satellite-optimal/100/satellite_p02_hyp-1_full.tar.bz2:5.478863477706909:0.0:0.0
satellite-optimal/100/satellite_p02_hyp-2_full.tar.bz2:5.426457405090332:0.0:0.0
satellite-optimal/100/satellite_p02_hyp-3_full.tar.bz2:5.449859142303467:0.0:0.0
satellite-optimal/100/satellite_p02_hyp-4_full.tar.bz2:6.221742868423462:0.0:0.0
satellite-optimal/100/satellite_p03_hyp-1_full.tar.bz2:4.139064788818359:0.0:0.0
satellite-optimal/100/satellite_p03_hyp-2_full.tar.bz2:3.9141499996185303:0.0:0.0
satellite-optimal/100/satellite_p03_hyp-3_full.tar.bz2:4.063430547714233:0.0:0.0
satellite-optimal/100/satellite_p03_hyp-4_full.tar.bz2:3.9287161827087402:0.0:0.0
satellite-optimal/100/satellite_p01_hyp-1_full.tar.bz2:5.063369989395142:0.0:0.0
satellite-optimal/100/satellite_p01_hyp-2_full.tar.bz2:5.431017637252808:0.0:0.0
satellite-optimal/100/satellite_p01_hyp-3_full.tar.bz2:6.150318384170532:0.0:0.0
satellite-optimal/100/satellite_p01_hyp-4_full.tar.bz2:4.992526292800903:0.0:0.0
satellite-optimal/100/satellite_p02_hyp-1_full.tar.bz2:5.166369676589966:0.0:0.0
satellite-optimal/100/satellite_p02_hyp-2_full.tar.bz2:5.43639349937439:0.0:0.0
satellite-optimal/100/satellite_p02_hyp-3_full.tar.bz2:5.32838249206543:0.0:0.0
satellite-optimal/100/satellite_p02_hyp-4_full.tar.bz2:5.315119504928589:0.0:0.0
satellite-optimal/100/satellite_p03_hyp-1_full.tar.bz2:4.0437092781066895:0.0:0.0
satellite-optimal/100/satellite_p03_hyp-2_full.tar.bz2:4.925111293792725:0.0:0.0
satellite-optimal/100/satellite_p03_hyp-3_full.tar.bz2:3.8903086185455322:0.0:0.0
satellite-optimal/100/satellite_p03_hyp-4_full.tar.bz2:3.981381416320801:0.0:0.0
