satellite-optimal/100/satellite_p01_hyp-1_full.tar.bz2:9.590716123580933:0.0:0.0
satellite-optimal/100/satellite_p01_hyp-2_full.tar.bz2:9.7052743434906:0.0:0.0
satellite-optimal/100/satellite_p01_hyp-3_full.tar.bz2:11.265987157821655:0.0:0.0
satellite-optimal/100/satellite_p01_hyp-4_full.tar.bz2:9.38091230392456:0.0:0.0
satellite-optimal/100/satellite_p02_hyp-1_full.tar.bz2:8.978507280349731:0.0:0.0
satellite-optimal/100/satellite_p02_hyp-2_full.tar.bz2:11.80083966255188:0.0:0.0
satellite-optimal/100/satellite_p02_hyp-3_full.tar.bz2:9.242944478988647:0.0:0.0
satellite-optimal/100/satellite_p02_hyp-4_full.tar.bz2:9.531276941299438:0.0:0.0
satellite-optimal/100/satellite_p03_hyp-1_full.tar.bz2:6.853822946548462:0.0:0.0
satellite-optimal/100/satellite_p03_hyp-2_full.tar.bz2:8.918164491653442:0.0:0.0
satellite-optimal/100/satellite_p03_hyp-3_full.tar.bz2:6.8169472217559814:0.0:0.0
satellite-optimal/100/satellite_p03_hyp-4_full.tar.bz2:7.358745813369751:0.0:0.0
satellite-optimal/100/satellite_p01_hyp-1_full.tar.bz2:9.994868040084839:0.0:0.0
satellite-optimal/100/satellite_p01_hyp-2_full.tar.bz2:11.95650601387024:0.0:0.0
satellite-optimal/100/satellite_p01_hyp-3_full.tar.bz2:9.94171929359436:0.0:0.0
satellite-optimal/100/satellite_p01_hyp-4_full.tar.bz2:10.12973403930664:0.0:0.0
satellite-optimal/100/satellite_p02_hyp-1_full.tar.bz2:11.301108598709106:0.0:0.0
satellite-optimal/100/satellite_p02_hyp-2_full.tar.bz2:9.63895845413208:0.0:0.0
satellite-optimal/100/satellite_p02_hyp-3_full.tar.bz2:9.37525725364685:0.0:0.0
satellite-optimal/100/satellite_p02_hyp-4_full.tar.bz2:9.200705289840698:0.0:0.0
satellite-optimal/100/satellite_p03_hyp-1_full.tar.bz2:8.58228874206543:0.0:0.0
satellite-optimal/100/satellite_p03_hyp-2_full.tar.bz2:6.72127103805542:0.0:0.0
satellite-optimal/100/satellite_p03_hyp-3_full.tar.bz2:8.047646760940552:0.0:0.0
satellite-optimal/100/satellite_p03_hyp-4_full.tar.bz2:7.107535362243652:0.0:0.0
satellite-optimal/100/satellite_p01_hyp-1_full.tar.bz2:12.50097918510437:0.0:0.0
satellite-optimal/100/satellite_p01_hyp-2_full.tar.bz2:9.967034339904785:0.0:0.0
satellite-optimal/100/satellite_p01_hyp-3_full.tar.bz2:11.437321662902832:0.0:0.0
satellite-optimal/100/satellite_p01_hyp-4_full.tar.bz2:12.365459442138672:0.0:0.0
satellite-optimal/100/satellite_p02_hyp-1_full.tar.bz2:9.975192070007324:0.0:0.0
satellite-optimal/100/satellite_p02_hyp-2_full.tar.bz2:9.803569316864014:0.0:0.0
satellite-optimal/100/satellite_p02_hyp-3_full.tar.bz2:11.619815349578857:0.0:0.0
satellite-optimal/100/satellite_p02_hyp-4_full.tar.bz2:10.456348657608032:0.0:0.0
satellite-optimal/100/satellite_p03_hyp-1_full.tar.bz2:9.947262048721313:0.0:0.0
satellite-optimal/100/satellite_p03_hyp-2_full.tar.bz2:9.872995615005493:0.0:0.0
satellite-optimal/100/satellite_p03_hyp-3_full.tar.bz2:11.150734901428223:0.0:0.0
satellite-optimal/100/satellite_p03_hyp-4_full.tar.bz2:9.062928199768066:0.0:0.0
satellite-optimal/100/satellite_p01_hyp-1_full.tar.bz2:14.438799858093262:0.0:0.0
satellite-optimal/100/satellite_p01_hyp-2_full.tar.bz2:14.540210247039795:0.0:0.0
satellite-optimal/100/satellite_p01_hyp-3_full.tar.bz2:14.696340084075928:0.0:0.0
satellite-optimal/100/satellite_p01_hyp-4_full.tar.bz2:21.123313665390015:0.0:0.0
satellite-optimal/100/satellite_p02_hyp-1_full.tar.bz2:13.448927879333496:0.0:0.0
satellite-optimal/100/satellite_p02_hyp-2_full.tar.bz2:10.75475025177002:0.0:0.0
satellite-optimal/100/satellite_p02_hyp-3_full.tar.bz2:10.89449429512024:0.0:0.0
satellite-optimal/100/satellite_p02_hyp-4_full.tar.bz2:11.573935985565186:0.0:0.0
satellite-optimal/100/satellite_p03_hyp-1_full.tar.bz2:8.853636026382446:0.0:0.0
satellite-optimal/100/satellite_p03_hyp-2_full.tar.bz2:7.532923221588135:0.0:0.0
satellite-optimal/100/satellite_p03_hyp-3_full.tar.bz2:7.096861124038696:0.0:0.0
satellite-optimal/100/satellite_p03_hyp-4_full.tar.bz2:6.974970579147339:0.0:0.0
