satellite-optimal/100/satellite_p01_hyp-1_full.tar.bz2:0.5312063694000244:0.0:0.0
satellite-optimal/100/satellite_p01_hyp-2_full.tar.bz2:0.20583391189575195:0.0:0.0
satellite-optimal/100/satellite_p01_hyp-3_full.tar.bz2:0.07858419418334961:0.0:0.0
satellite-optimal/100/satellite_p01_hyp-4_full.tar.bz2:0.13048005104064941:0.0:0.0
satellite-optimal/100/satellite_p02_hyp-1_full.tar.bz2:0.05132889747619629:0.0:0.0
satellite-optimal/100/satellite_p02_hyp-2_full.tar.bz2:0.05181097984313965:0.0:0.0
satellite-optimal/100/satellite_p02_hyp-3_full.tar.bz2:0.059433937072753906:0.0:0.0
satellite-optimal/100/satellite_p02_hyp-4_full.tar.bz2:0.12560510635375977:0.0:0.0
satellite-optimal/100/satellite_p03_hyp-1_full.tar.bz2:0.025214433670043945:0.0:0.0
satellite-optimal/100/satellite_p03_hyp-2_full.tar.bz2:0.022565126419067383:0.0:0.0
satellite-optimal/100/satellite_p03_hyp-3_full.tar.bz2:0.030251741409301758:0.0:0.0
satellite-optimal/100/satellite_p03_hyp-4_full.tar.bz2:0.025185823440551758:0.0:0.0
satellite-optimal/100/satellite_p01_hyp-1_full.tar.bz2:0.15105795860290527:0.0:0.0
satellite-optimal/100/satellite_p01_hyp-2_full.tar.bz2:0.05950760841369629:0.0:0.0
satellite-optimal/100/satellite_p01_hyp-3_full.tar.bz2:0.1854546070098877:0.0:0.0
satellite-optimal/100/satellite_p01_hyp-4_full.tar.bz2:0.07903409004211426:0.0:0.0
satellite-optimal/100/satellite_p02_hyp-1_full.tar.bz2:0.08484292030334473:0.0:0.0
satellite-optimal/100/satellite_p02_hyp-2_full.tar.bz2:0.2426588535308838:0.0:0.0
satellite-optimal/100/satellite_p02_hyp-3_full.tar.bz2:0.11320018768310547:0.0:0.0
satellite-optimal/100/satellite_p02_hyp-4_full.tar.bz2:0.08694052696228027:0.0:0.0
satellite-optimal/100/satellite_p03_hyp-1_full.tar.bz2:0.04735898971557617:0.0:0.0
satellite-optimal/100/satellite_p03_hyp-2_full.tar.bz2:0.13140439987182617:0.0:0.0
satellite-optimal/100/satellite_p03_hyp-3_full.tar.bz2:0.04419851303100586:0.0:0.0
satellite-optimal/100/satellite_p03_hyp-4_full.tar.bz2:0.045717477798461914:0.0:0.0
satellite-optimal/100/satellite_p01_hyp-1_full.tar.bz2:0.09357047080993652:0.0:0.0
satellite-optimal/100/satellite_p01_hyp-2_full.tar.bz2:0.2596924304962158:0.0:0.0
satellite-optimal/100/satellite_p01_hyp-3_full.tar.bz2:0.1604602336883545:0.0:0.0
satellite-optimal/100/satellite_p01_hyp-4_full.tar.bz2:0.12177872657775879:0.0:0.0
satellite-optimal/100/satellite_p02_hyp-1_full.tar.bz2:0.22446012496948242:0.0:0.0
satellite-optimal/100/satellite_p02_hyp-2_full.tar.bz2:0.16871023178100586:0.0:0.0
satellite-optimal/100/satellite_p02_hyp-3_full.tar.bz2:0.2779989242553711:0.0:0.0
satellite-optimal/100/satellite_p02_hyp-4_full.tar.bz2:0.18014025688171387:0.0:0.0
satellite-optimal/100/satellite_p03_hyp-1_full.tar.bz2:0.07367682456970215:0.0:0.0
satellite-optimal/100/satellite_p03_hyp-2_full.tar.bz2:0.12512779235839844:0.0:0.0
satellite-optimal/100/satellite_p03_hyp-3_full.tar.bz2:0.06662797927856445:0.0:0.0
satellite-optimal/100/satellite_p03_hyp-4_full.tar.bz2:0.10644125938415527:0.0:0.0
satellite-optimal/100/satellite_p01_hyp-1_full.tar.bz2:0.3305349349975586:0.0:0.0
satellite-optimal/100/satellite_p01_hyp-2_full.tar.bz2:0.18405699729919434:0.0:0.0
satellite-optimal/100/satellite_p01_hyp-3_full.tar.bz2:0.15657401084899902:0.0:0.0
satellite-optimal/100/satellite_p01_hyp-4_full.tar.bz2:0.2112414836883545:0.0:0.0
satellite-optimal/100/satellite_p02_hyp-1_full.tar.bz2:0.31375980377197266:0.0:0.0
satellite-optimal/100/satellite_p02_hyp-2_full.tar.bz2:0.3121216297149658:0.0:0.0
satellite-optimal/100/satellite_p02_hyp-3_full.tar.bz2:0.322523832321167:0.0:0.0
satellite-optimal/100/satellite_p02_hyp-4_full.tar.bz2:0.3217177391052246:0.0:0.0
satellite-optimal/100/satellite_p03_hyp-1_full.tar.bz2:0.1022500991821289:0.0:0.0
satellite-optimal/100/satellite_p03_hyp-2_full.tar.bz2:0.16588830947875977:0.0:0.0
satellite-optimal/100/satellite_p03_hyp-3_full.tar.bz2:0.08886528015136719:0.0:0.0
satellite-optimal/100/satellite_p03_hyp-4_full.tar.bz2:0.11306357383728027:0.0:0.0
