small-sokoban-optimal/100/sokoban_p01_hyp-1_full.tar.bz2:358.7070801258087:0.0:0.0
small-sokoban-optimal/100/sokoban_p01_hyp-1_full.tar.bz2:506.99229097366333:0.0:0.0
small-sokoban-optimal/100/sokoban_p01_hyp-1_full.tar.bz2:690.4236645698547:0.0:0.0
small-sokoban-optimal/100/sokoban_p01_hyp-1_full.tar.bz2:1099.1356563568115:0.0:0.0
