small-sokoban-optimal/100/sokoban_p01_hyp-1_full.tar.bz2:39.11050319671631:0.0:0.0
small-sokoban-optimal/100/sokoban_p01_hyp-1_full.tar.bz2:49.188151359558105:0.0:0.0
small-sokoban-optimal/100/sokoban_p01_hyp-1_full.tar.bz2:58.49754500389099:0.0:0.0
small-sokoban-optimal/100/sokoban_p01_hyp-1_full.tar.bz2:83.75638031959534:0.0:0.0
