small-sokoban-optimal/100/sokoban_p01_hyp-1_full.tar.bz2:256.5936336517334:0.0:0.0
small-sokoban-optimal/100/sokoban_p01_hyp-1_full.tar.bz2:387.1293292045593:0.0:0.0
small-sokoban-optimal/100/sokoban_p01_hyp-1_full.tar.bz2:512.9610598087311:0.0:0.0
small-sokoban-optimal/100/sokoban_p01_hyp-1_full.tar.bz2:696.2669506072998:0.0:0.0
