small-sokoban-optimal/100/sokoban_p01_hyp-1_full.tar.bz2:34.90506076812744:0.0:0.0
small-sokoban-optimal/100/sokoban_p01_hyp-1_full.tar.bz2:35.93525528907776:0.0:0.0
small-sokoban-optimal/100/sokoban_p01_hyp-1_full.tar.bz2:36.95976710319519:0.0:0.0
small-sokoban-optimal/100/sokoban_p01_hyp-1_full.tar.bz2:40.645981311798096:0.0:0.0
