small-sokoban-optimal/100/sokoban_p01_hyp-1_full.tar.bz2:2.119875431060791:0.0:0.0
small-sokoban-optimal/100/sokoban_p01_hyp-1_full.tar.bz2:1.3984317779541016:0.0:0.0
small-sokoban-optimal/100/sokoban_p01_hyp-1_full.tar.bz2:2.0243964195251465:0.0:0.0
small-sokoban-optimal/100/sokoban_p01_hyp-1_full.tar.bz2:3.1955997943878174:0.0:0.0
